100000000000100001110010
100000000010110110001100
100000000110101110010101
100000001000011000111111
100000001010000111011000
100000001100111011010101
100000010001000001100010
100000010101001001101110
100000010110001010101011
100000010110111110111101
100000011001111000110100
100000011100111100100110
100000100111001001011000
100000101001011010001011
100000101011001011000001
100000101100010010100011
100000101101011011011111
100000101110010111101101
100000110110010110010100
100000111000010111000000
100000111000100000010010
100001000010011110001011
100001000011110111100000
100001000101010101010011
100001001100111001011110
100001010010000001111110
100001011001111000110100
100001011101100011101001
100001011111000010000010
100001100101101101100001
100001101101100011101011
100001110000010110001100
100001110001000000111000
100001110010001110100110
100001110110100001000101
100001111011011011011110
100010000011000010111100
100010000011001010111110
100010001000000101010110
100010001010101111100110
100010010000100001101011
100010010000110100001110
100010010001001111011011
100010010001010101011110
100010010101100101010100
100010010101110101001010
100010010111000111010001
100010011000000011110010
100010011000000100111110
100010011000010100001010
100010011111011100110110
100010100001001011011000
100010101001011110100100
100010101101000111011100
100010101111111110100110
100010110110011011001000
100010111000010001010101
100010111011111000001010
100010111110001010001100
100011000001011001011101
100011000011011111001100
100011000100011011000011
100011001000011001000010
100011001000110101001010
100011001000111010111001
100011001001101000001101
100011001010111011010001
100011001100110000101011
100011001101100100100101
100011010011010111111100
100011010011011100010101
100011010011101010100001
100011010110100011010101
100011010111001111111001
100011011100001010011100
100011011111001000001010
100011100001000001010101
100011100110001000001011
100011101000101100001001
100011101001001010000101
100011101001011011011010
100011101010001001110011
100011101010001100000011
100011110100001101101000
100011110100110010001001
100011110101001100010001
100011111000001100111011
100011111000111011011010
100011111010000110110000
100011111010100000111011
100011111011011011001110
100011111100001110110110
100011111100011101010110
100100000000011111110101
100100000000111011001111
100100000010000110000100
100100000011010111100011
100100000100000011101001
100100001011001110111100
100100001100111101100100
100100001101001100111111
100100001101011010110000
100100001101100111111111
100100001110001000100001
100100001110111011001011
100100010001110111100010
100100010010001011001011
100100010101110101100011
100100011000001111110000
100100011011110101011101
100100011111010110101000
100100100000110001001001
100100100010001010010000
100100100011111111110110
100100100110001100011110
100100100110011011000111
100100100110011100110101
100100101010000110111011
100100110100010111110000
100100110110010110101000
100100110110110000010100
100100110111000001000110
100100110111101100110100
100100111000010010110101
100101000000110111010100
100101000010000010001011
100101000110001011010101
100101000110010101100011
100101001001001000111010
100101001001001101110001
100101001101111000100011
100101010110101000110101
100101010111101001001101
100101011011010010001011
100101011110101000010011
100101100001111011000001
100101101000000110001010
100101101010010010110011
100101110001100111110011
100101110010010100110111
100101110011000110100101
100101110100111111101111
100101111100001010011011
100101111110111011100011
100110000001111100010100
100110000011110001100111
100110000110100111001010
100110000111000001011100
100110001110000010000000
100110001110111110010111
100110001111010010001100
100110001111101000100110
100110011010111000001010
100110011100011010001100
100110100001000001100111
100110100001011111101011
100110110001010000101100
100110110111010001001011
100110111010110011011001
100110111100001110001110
100110111111001011000000
100110111111111011010011
100111000001010011100001
100111000010000100110100
100111000010110011111101
100111000100011000100111
100111000110100101011100
100111001010101000100011
100111001101011100100100
100111001111001011010010
100111010011111101101001
100111010111001100011110
100111011000001001100100
100111011000001011010001
100111011001000011010100
100111011101010110001010
100111011101010110101010
100111011101101000100001
100111011111011000101000
100111100011101010110111
100111100100110000100100
100111100101101110101011
100111100110110011101101
100111101001001000111110
100111101011111111000010
100111101100000100101011
100111101100111100101110
100111101101010000100010
100111101101100110100110
100111101110000101011001
100111110010110010101010
100111110011100000011001
100111110101101000110110
100111110111000100100111
100111111010100110011000
100111111010111110100000
100111111100101111010011
100111111101000011101100
100111111110111110001001
101000000100000000110000
101000000110111100001001
101000001000011010000100
101000001000110100100000
101000001011001111001101
101000011001010100000111
101000011010111111110111
101000011100011010101010
101000011101010000111000
101000011111001010010101
101000100101100000100100
101000100101100010100110
101000100110101100110011
101000100110111010000011
101000100111100010011100
101000101001101101011111
101000101011000111011110
101000101011001011100101
101000101011111100000001
101000101111000101001000
101000101111100110110010
101000111010001101100111
101000111010011010100101
101000111101011001001111
101001000010000000101000
101001000011001000100100
101001000100000110101000
101001000100110011011100
101001000110011000011010
101001001001000111000100
101001001001101000101100
101001001101111110010000
101001010011110101010110
101001010101100000101111
101001011000011110001100
101001011100010101000001
101001011111100000100101
101001011111111110000111
101001100010100000001100
101001100100101101101100
101001100101110101110111
101001100110011001001110
101001100110110100111101
101001101000010101111111
101001101101011001101011
101001101111111101010011
101001110001010101100110
101001111001110111100101
101001111011010101101111
101001111011111010100000
101001111101010001001011
101010000100011101000110
101010000101001111001100
101010000101111011011010
101010000111011001001111
101010001001000110100111
101010001011001101000011
101010010000010011000010
101010010000011000100110
101010010000011000101100
101010010000111110000001
101010010001010000101110
101010010001111101101110
101010010100001111001111
101010010100100100010110
101010010101000010001111
101010010110000010010101
101010010110001011101100
101010010111010110110010
101010011000111100000001
101010011011101001101110
101010100110010100111101
101010100110111010011101
101010101000000010000011
101010110000110110010000
101010110011110000000100
101010110100101010010101
101010110111110011010100
101010111000010000001010
101010111001101011101100
101010111001110001111001
101010111110110111110010
101010111111001100011000
101010111111100000001010
101010111111110110000011
101011000001011010010001
101011000001101111011011
101011000100101010000011
101011000100101011001111
101011001000101000001000
101011001000110001011010
101011001001110010000011
101011001001110110010001
101011001010010111000000
101011001100011110111011
101011001101010101101110
101011010001100001101101
101011010001101011101001
101011010010010011110111
101011010100100000100101
101011010110101001010101
101011010110111001010111
101011011001000101001101
101011100000000111001010
101011100001111100001001
101011100111111110100111
101011101000010010110001
101011101000011111100100
101011101001000110000101
101011101001101101011000
101011101001111000000001
101011101100010000011001
101011110010101111010101
101011111011000110111011
101011111111000100010010
101011111111010110101100
101100000001000110000111
101100000010100011101101
101100001010100111100001
101100001011000011001000
101100001100000011001111
101100001100100100000101
101100001110001010010000
101100001110110100100000
101100010001001011101011
101100011001000100001100
101100011001110010110000
101100011100010000111011
101100100111011010101010
101100100111101000011011
101100101000001000111111
101100101100101010111011
101100101100111011110100
101100101101111101000000
101100101111001000111101
101100110100100001010100
101100110110000110100100
101100110111010001101010
101100111000001110001100
101100111100010000110110
101100111110110111000110
101101000110011011100100
101101000110011100001010
101101000111100011111001
101101000111111010000000
101101001000110000001000
101101001011010110110000
101101001100110011111101
101101001110100001001010
101101001110101111001010
101101001111100101001111
101101001111110101001010
101101010101101011111100
101101010111101001011110
101101011000011011000110
101101011010010100011011
101101011010110010100001
101101011110110101101111
101101100101101111111110
101101100110111000011011
101101101001001111101001
101101101010010001000100
101101101011110110000010
101101101101010010000111
101101101101101100000111
101101101101101100001010
101101101110011001010010
101101101111001110000000
101101101111101110001101
101101110001101001101000
101101111000111111001110
101101111001100101110001
101101111010010001011010
101101111011100101011001
101101111111001110110010
101101111111111000000110
101110000010011101011111
101110000011110100001110
101110000101010010010101
101110000101100011000111
101110000101101000110001
101110000110001110011010
101110001100101101110101
101110001100110001101100
101110001101001100000010
101110001101110100010111
101110001110001001110101
101110010001110101110101
101110010100001111111100
101110010101101110011110
101110010110001111011010
101110011011010111100000
101110011101111011010010
101110100011011000111011
101110100110111011101011
101110100111111010001111
101110101000000001010110
101110101100001111001100
101110101100110111100000
101110101101101011010011
101110111011010110111101
101110111100001011011001
101110111100100101111100
101110111111011100111010
101111000001000101101101
101111000010111100001101
101111000101001101110000
101111000110111111100001
101111000111110100010111
101111000111110111000001
101111001000001101100010
101111001000100110100110
101111001100001000010000
101111001101100010100101
101111010011000110110100
101111010011001001100111
101111010111110111100101
101111011101111110100010
101111100001110001101010
101111100011000100111111
101111100101100100010111
101111101000001011011000
101111101010010101111011
101111101110001110010000
101111110001010100110110
101111110100010001100000
101111110110100001100111
101111110110100010100000
101111111011101010110010
101111111110011010110011
110000000000100011011111
110000000011101110010100
110000000100001010010000
110000000100010100001110
110000000101001001101000
110000000110011100111100
110000000110101001100000
110000000111111100100100
110000001001011011011101
110000001010010001101110
110000001100100001110010
110000010010100011111001
110000010010111010011010
110000010101110011111001
110000011000001000000111
110000011000110111010110
110000011011110011001001
110000100000111111001001
110000100011110000100100
110000100101100011000111
110000100101100101101111
110000100110011001100111
110000101001110100111111
110000101011100100110100
110000101100001110111100
110000101101110100111011
110000101111101110101011
110000110111110111101110
110000111000011101111101
110000111100111110100011
110000111101001101100101
110000111111001110011110
110001000000101101110000
110001000011110011001010
110001000100001010110011
110001000101110111011110
110001000110000000110010
110001001000111101100011
110001001001010010110111
110001001100100111110010
110001001101011110100101
110001001111110111111001
110001010000101111000101
110001010010110101100111
110001010100000011011000
110001010101011110100010
110001011000000011101011
110001011010101110111101
110001011011111010111101
110001011011111100110000
110001011111010011011100
110001100000011000101001
110001100011100001110111
110001101000011011000100
110001101001110001001010
110001110010011110100110
110001110110100101100000
110001110111010010100100
110001111101001111110000
110010000010110101110010
110010000100111010010111
110010000111011110000111
110010001011110011101011
110010001110100101000001
110010010001010010010100
110010010011101100010010
110010011000111111101110
110010011010110110101000
110010100001010111010000
110010100001111100100010
110010100110100011001010
110010101011100001001010
110010110001100000010010
110010110100000010111110
110010110100001001011110
110010110100010100100001
110010111011010010110000
110010111011100101101100
110010111100010101101010
110010111101011101101011
110010111111110111000000
110011000010010101011011
110011000101110110010101
110011001000100010010011
110011001011111000011110
110011010001010000011101
110011010010101010000010
110011010101111101110110
110011010110001110101000
110011011011010011100000
110011011101001000000010
110011011111000000100010
110011100011010111000010
110011100011101101100000
110011101101001101000010
110011101111011110110111
110011110010001101011110
110011110011100001110001
110011110100000110100000
110011110101101001011111
110011110110101111110000
110011111000100110101001
110100000000000001100000
110100000001110010110101
110100001001011000011110
110100001111011100011011
110100001111111101100001
110100010001000010100010
110100010100111100010111
110100010110001101000111
110100010111011111010010
110100010111110011000011
110100010111111011111000
110100011100001101011000
110100011110001001110011
110100011110011101000000
110100011110100111000000
110100011111111001101101
110100100000011001000111
110100100000110100110001
110100100010001011001100
110100100011101001000101
110100100100110011010000
110100101000011101101010
110100101011111001100011
110100101100100000101101
110100101110101111110010
110100110111000000011110
110100110111000111110110
110100110111110101111100
110100111100110100000001
110100111110101101111000
110100111111010101100101
110101000000111101110011
110101000100101001101100
110101000101010101100100
110101000101011010001101
110101000101011100111011
110101000111000101100110
110101000111111001011101
110101001000100011011110
110101001001100000100101
110101001101011010101000
110101010001111111111100
110101010100000100010100
110101011000001100011010
110101011010111010010000
110101011011110011101010
110101011110100100000110
110101100010000101010100
110101101010000111111100
110101101011111111001001
110101110001110110100010
110101110010010100100011
110101110011101011011011
110101110101001101100010
110101111010010110000010
110101111010101100010101
110101111111010101001000
110110000000000011101111
110110000011010101011100
110110000011110001100101
110110000110000100011001
110110001000001010111000
110110001000110011100001
110110001001000001011101
110110001010001101010100
110110001010100100100110
110110001101010101100010
110110001110101110000111
110110001111011111110110
110110010011011110110000
110110010101010110100111
110110010111000110111100
110110010111001001001110
110110011000110000000000
110110011111110010000011
110110100000001001111101
110110100011011101011001
110110100101001011001110
110110100111001110001001
110110101000001011101011
110110101011101001100000
110110101100001100000101
110110101101001001101001
110110101101001011100111
110110101110110000100010
110110101111101000011000
110110110011010101100101
110110110100011111000110
110110110101111011011000
110110111010011111100011
110110111110011110010010
110111000000101111110011
110111000001001100101101
110111000011010011110100
110111000110110011000011
110111000111000101001100
110111000111101100110100
110111001011011011110001
110111001011111000001111
110111001110010101011001
110111010101101010110010
110111010111010101001001
110111011011000000001101
110111011110000110101010
110111100010001001000111
110111101000110110101010
110111101011000000000001
110111101110010000100110
110111110111001000100100
110111111100110001100000
110111111101110011010110
110111111110010010101001
111000000001011111100011
111000000010100000111111
111000000101010111001011
111000000111100110100101
111000001111101001111100
111000010000110000101010
111000010001001101111010
111000010001010110100000
111000010011100101110110
111000010011110000100001
111000010110011111100100
111000010110110000010100
111000010110110010000011
111000011101110110110100
111000100000000011011110
111000100010001010111011
111000100010011101001111
111000100011111001000101
111000100110100100100000
111000101011001111000011
111000110000000001001001
111000110001101011011110
111000110011011011000110
111000110101100101001001
111000111100101101100000
111000111111000000111010
111001000001011110100011
111001001001110001111011
111001001011011001100001
111001001011110110010100
111001010111011001111110
111001011000101110111010
111001011000101111111001
111001011010001101010010
111001011010110010111010
111001011101101111011001
111001011110110101100110
111001100010001000011101
111001100101011001100100
111001100110011010001110
111001100111010011111110
111001100111011001111011
111001101000110100010101
111001101101011110101100
111001101101110000010110
111001110110000111110011
111001110111111111001101
111001111010000111010111
111001111101010000010010
111001111101111001100111
111001111110001010111100
111010000000010000001011
111010000001011101101001
111010000110000011100001
111010000111100010000000
111010001001011100010101
111010001011011111000100
111010001100111000000000
111010001101000000100010
111010001101001010000111
111010001110011010010111
111010001111000101010000
111010010010011110000000
111010010011110000101011
111010011000111101001100
111010011110110101011110
111010011111101100000101
111010100000001111111101
111010100001000101010100
111010100010111011111001
111010100011000001110110
111010100100101000001000
111010101001001111001000
111010101001011011111011
111010101011010011110100
111010110010100011111111
111010110011001100001100
111010110100100011001001
111010110101011010101100
111010111001001011101011
111010111011100100101011
111010111011100111110110
111010111101100001011101
111010111110011011000101
111011000000010001110001
111011000010000010000101
111011000010010110000001
111011000011010001101101
111011000011010010101110
111011000011011101010000
111011000100010111001001
111011000100111111111011
111011000111011111000011
111011001000110000101110
111011001001011010011000
111011001010100100111101
111011001100001011111110
111011001100010111101101
111011001101011000011011
111011010001000111001010
111011010010100110100011
111011010110010010100011
111011010110011011110010
111011011001001000000010
111011011011010001101000
111011011111100001011110
111011100111011111101010
111011100111111101100011
111011101001110011001100
111011101011110000110101
111011101111010101100000
111011110011000001100010
111011110011000100111111
111011110100111000110011
111011110101110110010110
111011111100011000001011
111011111100011111000000
111100000111000010111110
111100000111001110101001
111100000111011100111101
111100000111100000111010
111100001001000111011010
111100001110011000011110
111100001111110110000000
111100010001111111001000
111100010011010100100001
111100010100100001011010
111100010100110100101000
111100010101001101010111
111100011000000000011011
111100011010011100110001
111100011100101001010110
111100011101100000100011
111100011110001110011100
111100011111000010001111
111100100001000001000110
111100100001101010101011
111100101010010101011011
111100101011101011111110
111100101011111001001111
111100110100000010011011
111100110110000100110110
111100111001010111010001
111100111001101000001111
111100111010111000011000
111101000010011001101100
111101001101110001001010
111101001110000010111111
111101010000001110011111
111101010000001110101110
111101010000101010010000
111101010001101001111110
111101010110010011111001
111101010111011011011000
111101011000001100100000
111101011001001101011110
111101011010000010100010
111101011010011001111000
111101011010101010100101
111101011010111111011100
111101011011110000000001
111101011101011110010000
111101011110010001100111
111101100000100111011110
111101100001000110101010
111101100100111110011011
111101100101001110110000
111101101000010011001110
111101101011010001011111
111101101011101110010010
111101101100011100000111
111101101110001010010000
111101101110001111000000
111101110000010110001001
111101110000011100101100
111101110100101100110101
111101111110000010000100
111110000000001111100011
111110000000010010111110
111110000010011001110111
111110000011010101101000
111110000101001111110000
111110000110011111001101
111110001000011110001110
111110001010001111110110
111110001110001100011101
111110001110011110111011
111110010001101100111010
111110010011111000000111
111110010100100101000110
111110010101000110000111
111110010111010110101101
111110011000001101000100
111110100001001111011100
111110100010010011101011
111110100100111100001100
111110100110101110100001
111110101010100101000010
111110101011010101000010
111110101011110011011000
111110101100001101001101
111110101101110011001001
111110101101110101101100
111110110000101011101011
111110110010101000111100
111110110111101010010011
111110111010000111001110
111110111110000001010101
111111000000100101000100
111111000010101011111111
111111000011010001100110
111111001010110010101001
111111001011011000101000
111111001011111011010100
111111001100010001010111
111111001100010010000101
111111010000001011010100
111111010010110001001000
111111010110100001000101
111111010110110000010101
111111010111111010010101
111111011100010010001010
111111011110001001001100
111111011110110011110001
111111011111010011100000
111111100010001100010100
111111100011100000001101
111111100101001101001101
111111101000010011110011
111111101010010101001000
111111110101110110010111
111111111010100110101001
111111111100100101110001
111111111111001100101111
