0100000000010010111010001
0100000000111000000010010
0100000000111000100110001
0100000001000000101101001
0100000001000011101101111
0100000001010100001101110
0100000001011000000010000
0100000001011000110110100
0100000001101101110110001
0100000001111100110001011
0100000001111111001101110
0100000010010010010110001
0100000010010011101100011
0100000010100011000110100
0100000010100110100100101
0100000010110100010001010
0100000010110110010110010
0100000010111010000100100
0100000100011011000100011
0100000100101111110000110
0100000100111111101111111
0100000101100010000000100
0100000101101110100010010
0100000110011010100110001
0100000110011011001010111
0100000110011110100100100
0100000110101000101011110
0100000110101011101001011
0100000111011100101100111
0100001000011001001110011
0100001000110111111110011
0100001000111110010111110
0100001001000000110010010
0100001001100111100110110
0100001001101001010000011
0100001010000100110011100
0100001010100101100000000
0100001011110010001100000
0100001011110111111101101
0100001100100101100000000
0100001100111111011100010
0100001101001101011110111
0100001101010000110010101
0100001101110000011010001
0100001110111011010001110
0100001111000100000000111
0100001111011000101110111
0100001111011100010001010
0100001111101010001000111
0100001111110110111000111
0100010000100111010100111
0100010000111110010110000
0100010001000001000010011
0100010001001001101100011
0100010001010101101111001
0100010001101101001101001
0100010001111010101001010
0100010010001000010101011
0100010010010000000110101
0100010010101100001001110
0100010010101111101110011
0100010011000001111110100
0100010011001101101110001
0100010011100011000010101
0100010101000000010010000
0100010101100101001001101
0100010110010100111110011
0100010110010110000001011
0100010110011001100101100
0100010111000000101110010
0100010111100111101110111
0100011000100011100000011
0100011000101101110011100
0100011000111100010110100
0100011000111111110110100
0100011001000100100111010
0100011001110111001100010
0100011001111001001010010
0100011010000100101101010
0100011010000101001000010
0100011010100011110100001
0100011010111100011001000
0100011011000010100100010
0100011011100001110101110
0100011011101010110011000
0100011101001111100110110
0100011101010000000101010
0100011101111110110111011
0100011110010001101010000
0100011110010001101111011
0100011110011010101001101
0100011110100101110001000
0100011110110101001111110
0100011111000001011001100
0100011111001010111011110
0100011111010000000010100
0100011111100110100111110
0100011111101110011011100
0100011111111111110110000
0100100000000000110101111
0100100000010111001111110
0100100000011000001100010
0100100001000101100010010
0100100001100001101110011
0100100001101110101001000
0100100010100100000100111
0100100010100100000101100
0100100010101000101000011
0100100010110000011100011
0100100010111011100000110
0100100011110100110010001
0100100100100100011111011
0100100100111010000011100
0100100101000001001101010
0100100101000001010000111
0100100101001010010110011
0100100101010011100100011
0100100110010010100111110
0100100111000110010111100
0100100111001110000011010
0100101000000101001101110
0100101001001000010101000
0100101001110001110111100
0100101010011010001011001
0100101010101100010000100
0100101010110111001100101
0100101010111111011011010
0100101011000110001001010
0100101011110011000010100
0100101100100001111001110
0100101101100100110111010
0100101101101001101010010
0100101101101110110011011
0100101101111011000000001
0100101110001000001100111
0100101110011001100000100
0100101110101001111101111
0100101110110001011010000
0100101111010101111111010
0100101111101000000001001
0100101111101000110000010
0100101111110100001001111
0100101111111000101101111
0100110000110001111111010
0100110001001000010000111
0100110001001010011000100
0100110001110101001111001
0100110001111000111100011
0100110010011100011110110
0100110010100100100010011
0100110010111010111001000
0100110011010111111110110
0100110100010111110111100
0100110101000001000101010
0100110101011011011100001
0100110101100000111101011
0100110101110110110011110
0100110110000011100000110
0100110110010010001001101
0100110111011100100110101
0100110111100000011111011
0100110111101110110000100
0100110111110001100110010
0100110111111000001100101
0100111000011001111101100
0100111000011100011011101
0100111000011110111001101
0100111000100000101100001
0100111000111000011101001
0100111001001110110011001
0100111001100010001001101
0100111010001110000001011
0100111010100000011101101
0100111010110010101100100
0100111011001011101001001
0100111011010110101111101
0100111100010010000001000
0100111100011101111110000
0100111100101000011100010
0100111101000101101011110
0100111101001001100101010
0100111110000001100000110
0100111110000011100110001
0100111110000011101001100
0100111110001000100001100
0100111110001100101010011
0100111110011110001111000
0100111111001101001001000
0100111111010011001010100
0100111111011001110101100
0100111111111110001001111
0101000000010111100000100
0101000000100101101110010
0101000000101001010011000
0101000001101110110011001
0101000010000011101111000
0101000010011100001010111
0101000010110111101000110
0101000011001110001010110
0101000011111101110000000
0101000100100100011001100
0101000101011010010111110
0101000101111100110000101
0101000110100000000101001
0101000111100111000110011
0101001001001000110000111
0101001001100111010011100
0101001011000010000101110
0101001011000100101010100
0101001011001001011100010
0101001011001110010001110
0101001011011000000100001
0101001100100000000100100
0101001100101001001010111
0101001101010110010000100
0101001101011101100110000
0101001101100110010011000
0101001110001001010110010
0101001110001100100101011
0101001110010010011101000
0101001110011011011000101
0101001110100001111001100
0101001110101010001001011
0101001111001100010111101
0101010000010010011100111
0101010000011000111101111
0101010000110001100101011
0101010000111110100010100
0101010001001010011011100
0101010001001010101111011
0101010001010110110100011
0101010001011011111101011
0101010001101010000101000
0101010001101011001110000
0101010010001110111000001
0101010010001111101111001
0101010010010100100100101
0101010010011010101011101
0101010010101101111110110
0101010011000010000000001
0101010011000111101010101
0101010011001010000101001
0101010011011001010000101
0101010100000110010011110
0101010100101011011000001
0101010101001011010011001
0101010101011001000101010
0101010101101111110001000
0101010101101111111000011
0101010101110010011110101
0101010101111101001111010
0101010110000001010110101
0101010110100110101110111
0101010111000111000111111
0101010111010100111001010
0101010111010111010001100
0101010111011011111011110
0101010111110101001000001
0101011000101000010111000
0101011000101101001110000
0101011000111111011011011
0101011001001100110110010
0101011001010110100111000
0101011001011001010101000
0101011001011110111010000
0101011001101000101000110
0101011001110010001000011
0101011001110110110111000
0101011010101010111011011
0101011010101100100110000
0101011010110110110110010
0101011010111000111111100
0101011011000000110001100
0101011011000001111100000
0101011011000111110011111
0101011011001010101011101
0101011011100000000010001
0101011011100011011011110
0101011011111000001011001
0101011100001001001111101
0101011100111011011110100
0101011101000101011100101
0101011101010011010000001
0101011101100100111001010
0101011101110101001011011
0101011101111010100011110
0101011101111100001111000
0101011101111101001100011
0101011111011101100000111
0101011111100111000010000
0101011111110101010011110
0101100000010110101111000
0101100000011000010011010
0101100000100001010010101
0101100000101001110010100
0101100000110100101000011
0101100000111101110011010
0101100001000011010110011
0101100001010111000110110
0101100001111000111110010
0101100010010110011110101
0101100011000001110000000
0101100011001000111101011
0101100011001111111001111
0101100011100001101000100
0101100011101111001100011
0101100100010001110100010
0101100100111001110110000
0101100101100100110111010
0101100101101001101111110
0101100101110001110001001
0101100101111111101001110
0101100110000111101111010
0101100110101101101110000
0101100110110111011000110
0101101000101101001001100
0101101001001101101011001
0101101001010110000011010
0101101001110011101000010
0101101010010000110110101
0101101010010100011111111
0101101010011000001001101
0101101010011111111000101
0101101010100001110110011
0101101010111111110000000
0101101011010100001100011
0101101011100001100111001
0101101011101000101000010
0101101100010100110011100
0101101101000011110001010
0101101101010111110001111
0101101101100100110010000
0101101101101110100011011
0101101101110010101011000
0101101110100111010110010
0101101111100010101111001
0101110000000110010010010
0101110000000111110101000
0101110000001100101101101
0101110000010100111000100
0101110000010101110100001
0101110001000001011110101
0101110001011101111010101
0101110001100110111110010
0101110001111010100101101
0101110010001011000000000
0101110011010100100100100
0101110011111000100111100
0101110011111011000001101
0101110100000011011000001
0101110100010100001100001
0101110101100000101010111
0101110101101011001100011
0101110101101110101010110
0101110101110001001101101
0101110101110010001110001
0101110110000011001000001
0101110110011110110001110
0101110110110111010010110
0101110111000001000011010
0101111000001100101010000
0101111000010001011100000
0101111000101100110111011
0101111000110110101000110
0101111001001110000110001
0101111001001110111000010
0101111001110000011100110
0101111001110010001011011
0101111001111011011001001
0101111010010110011110110
0101111010100001111011101
0101111011010010111110100
0101111011010011000101111
0101111011010011110100010
0101111011010110101001000
0101111011110001010110101
0101111011111100000100110
0101111100000011000100001
0101111100001111111101101
0101111100010101100001010
0101111100011001111011010
0101111100101101101001010
0101111100111111011011010
0101111101000011010100010
0101111101000110001010100
0101111101011101011101110
0101111101110010101011000
0101111110011000101000010
0101111110100010001111110
0101111110110001001111111
0101111110111110011101001
0101111111001001101111101
0110000000000100010100000
0110000000101101000100111
0110000001011000010000110
0110000001011110100011000
0110000001100000000000100
0110000010001001111010100
0110000010001100111101110
0110000010100011011000101
0110000011001100110000101
0110000011001101000100011
0110000011101010010011110
0110000011110011111111111
0110000011110110001010111
0110000100010001100010001
0110000100101001010001010
0110000110001100000010111
0110000110010000111010110
0110000110010001111111010
0110000110101110110111000
0110000110111000000111100
0110000110111000011100110
0110000111000101101001001
0110000111011111010100111
0110001000000110001011001
0110001001011101001110100
0110001001100010111000000
0110001001100011000011001
0110001001110011111011101
0110001001111110110101011
0110001010000010010101110
0110001010001001000101010
0110001010001010111000110
0110001010010010110000100
0110001010010100000111000
0110001010011100100000101
0110001010110100100101111
0110001011100110111100111
0110001011110100111110110
0110001011111010111011010
0110001011111100010010001
0110001100011011000110110
0110001100100100101110100
0110001100110100101000100
0110001101100011111011011
0110001101101111011110101
0110001101111001001000001
0110001110001010110101100
0110001110010001010110100
0110001110010011101010010
0110001110110111001001111
0110001111110001001000100
0110001111111010001010000
0110010000000101001110111
0110010000001000000010000
0110010000001110010110100
0110010000011101100111101
0110010001001100000101011
0110010001011100001101000
0110010010000011011101101
0110010010000100010100100
0110010010001100011101100
0110010010010010110001111
0110010010110100101001110
0110010010111101011010001
0110010011000001001110101
0110010011000110011010011
0110010011101100000011110
0110010011101100101101010
0110010100000110101111011
0110010100110111001111000
0110010101011000100101010
0110010101011101100000100
0110010110011111000001101
0110010110100100100111000
0110010110101001100101110
0110010111000010100000110
0110010111111110111100100
0110011000000011010101001
0110011000001101100010110
0110011000010101000111100
0110011000011000011000110
0110011000110011011010111
0110011000111110010001011
0110011010001110101000110
0110011010010110011010011
0110011010110001100010000
0110011011011011100100001
0110011011100001000010100
0110011100001001000000010
0110011100001011001011101
0110011100010000001001101
0110011100011101000011111
0110011100100111010001010
0110011100111011011010000
0110011101100001100000100
0110011101101101001110101
0110011101111011011111110
0110011110011101001001001
0110011110100111000110011
0110011110101101000000100
0110011110111011101110001
0110011111000110111101110
0110011111011000111111110
0110011111101110100110110
0110100000100100001001101
0110100000110001010101111
0110100000110010000000001
0110100000110010011011001
0110100001000110001001011
0110100001100101111010000
0110100010001111001000010
0110100011001111011010111
0110100011010011101111111
0110100011110000011000000
0110100100000010100110000
0110100100001100110010110
0110100100001110010010110
0110100100100001110001110
0110100101000001101111010
0110100101010001010101001
0110100101100110010011100
0110100101110110011001011
0110100110001101100000000
0110100110011110010111101
0110100110011111100101011
0110100110100001111111100
0110100110111100001010000
0110101000110110010000101
0110101000111111001011110
0110101001001001000011100
0110101001011010110100011
0110101010100011001011010
0110101010101000011011011
0110101011101101011000111
0110101011111000001101111
0110101011111100110100111
0110101100000111111111100
0110101100010000101011010
0110101100011010101000011
0110101100100010110100101
0110101101101111001010101
0110101101101111100010000
0110101101110001110110011
0110101110000111101110011
0110101110001101111011100
0110101110111001100100010
0110101111101101001011001
0110110000110101000001000
0110110000111110000000111
0110110010000001000110110
0110110010010100001000001
0110110010011101110111000
0110110010101000010011100
0110110010110011010110010
0110110010111101101000000
0110110011001000101101001
0110110011110010111000011
0110110011110100010111001
0110110100000000100111011
0110110100010011001011010
0110110101010011011111000
0110110101110101100001001
0110110110000100010100110
0110110110001001011110110
0110110110010101101101000
0110110111001001101011100
0110110111001101000000111
0110110111110011001101011
0110111000001100000110100
0110111000010110011110010
0110111001001110000111011
0110111001010011100001101
0110111001010101101011011
0110111001100000111011100
0110111001101111101011010
0110111010011010001100011
0110111011001000110000110
0110111011011010110011010
0110111011011101100100000
0110111100010010010111111
0110111100100010001100011
0110111100110001001110010
0110111100111101110101101
0110111110000111011011010
0110111110001110011110100
0110111110010101101000011
0110111110011100100000010
0110111110011111111000110
0110111110101000011011010
0110111110101100111101110
0110111111000111101110001
0110111111010111100111101
0110111111010111111101111
0111000000010110001010010
0111000001000010001110100
0111000001001110000111011
0111000001001110010111010
0111000001110010011110010
0111000001111001000010000
0111000010001011110011111
0111000010010100111000101
0111000010010111001111000
0111000010100010011101010
0111000011000000111001001
0111000011101101100100010
0111000011110101000000111
0111000101000101101100010
0111000101101000010101001
0111000101101011111100011
0111000101111000010111011
0111000110011011101110101
0111000110111111100110001
0111000111110101000001001
0111001000010011100001000
0111001000010111101001111
0111001000011011011000100
0111001000100110010110101
0111001000111110011000110
0111001001110101101010000
0111001010001000000011110
0111001010111010011011010
0111001010111100001111111
0111001011000110000111111
0111001011001000111001011
0111001011001111001011001
0111001011010110001101001
0111001011101001100001110
0111001011110001011010111
0111001011110110110110010
0111001100000001011011011
0111001100000011110000110
0111001100001000011010110
0111001100001110000101010
0111001101011000001010010
0111001110010001100111011
0111001110010111000111110
0111001110011100011010110
0111001110101101111000111
0111001110110100010011010
0111001110110101000010101
0111001111100011100111111
0111001111101000100111110
0111001111110000011011000
0111001111110111011111110
0111010000000110101010110
0111010000001010110110111
0111010000001101011111011
0111010000001110100101111
0111010001010100001000100
0111010001011111001000001
0111010001100111010100000
0111010001101101100010011
0111010010000011001111011
0111010010010011101100101
0111010010011001101110000
0111010010100001111011100
0111010010100100000010000
0111010010100100001000000
0111010010101011001101111
0111010011111000000001000
0111010011111100101000101
0111010100000100001010111
0111010100010000000000101
0111010100101111000000010
0111010100101111110111000
0111010101010110110111001
0111010101110100001011111
0111010110001000011100100
0111010110100001001000001
0111010110101011001000011
0111010110101101100100001
0111010110111101001010111
0111010111101111101111110
0111010111110100101110100
0111010111111011011100010
0111011000001001011100011
0111011000010010110010000
0111011000010011011000011
0111011000011001011000011
0111011000100001010001100
0111011000100111010001011
0111011000110001000110110
0111011000110010110110000
0111011001000100010100001
0111011001001010101111000
0111011001001110010000000
0111011001011100000111110
0111011010011100001000101
0111011010100111100011001
0111011010101000110010011
0111011010111000111101010
0111011011011110101111100
0111011011101011100001100
0111011100000110011111010
0111011100001000101100100
0111011100001100110001111
0111011100010011111101010
0111011100101110010011111
0111011101000111111100011
0111011101111011110110101
0111011110010010001011000
0111011110011010101001011
0111011111000011011010011
0111011111000011011100100
0111011111011000011100110
0111011111011001101100010
0111011111100101100001000
0111011111110110100101011
0111100000000000001011001
0111100000010101011100110
0111100000011000010101110
0111100000100110111100101
0111100000101000101111011
0111100000111011011001101
0111100001000001110001100
0111100001000110001010110
0111100001011000110011100
0111100001100101011000001
0111100010010001100110101
0111100010011011010011111
0111100010100000000100011
0111100010100011101010011
0111100010110101001010001
0111100011001010000010001
0111100011001111000010111
0111100011010111110111111
0111100100001110101100111
0111100100010111100111111
0111100100100000011100000
0111100100110110000000100
0111100101010000010010001
0111100101010001011101010
0111100101100001101000101
0111100101101000000000111
0111100110000111001101111
0111100110100001000011000
0111100110111001000000111
0111100110111111111101011
0111100111000100000111110
0111100111001101000010000
0111100111010010111101101
0111100111101100111111011
0111101000000111010001101
0111101000001000010000000
0111101000011001101100100
0111101000110101010010110
0111101001000101001011101
0111101001010111011101101
0111101001101000110100001
0111101010000001101110101
0111101010000110110101011
0111101010010101100011100
0111101010100010011011110
0111101010110010110101010
0111101010111110010011000
0111101010111110110111111
0111101010111111110100110
0111101011001001111100101
0111101011001101101111010
0111101011010000111010001
0111101011101101000011001
0111101100011110000001011
0111101110000011100001100
0111101110001010000100001
0111101110111011000011100
0111101110111110001100110
0111101111110010110111101
0111101111110100101011001
0111101111111111001010010
0111110000101011001100111
0111110000101011100011111
0111110001000111110111101
0111110001001110000111010
0111110001010010111000001
0111110001011111101101111
0111110001101100100110110
0111110001111001110101010
0111110010001111101010100
0111110010011010001001010
0111110011100100010110000
0111110011111000100100000
0111110100000001001000100
0111110100000101100001101
0111110100010000100110111
0111110100010100100100100
0111110100011100101100110
0111110100011111001011000
0111110100101011010100110
0111110100110000110110000
0111110100110111110000011
0111110101001111011111101
0111110101010001010011100
0111110101011010010011011
0111110101011100011001101
0111110101011100100000001
0111110101100110100101010
0111110101110111100001101
0111110101111011101010111
0111110110000010101111100
0111110110001110001010110
0111110110010111101011101
0111110110011100001110011
0111110110011111110100001
0111110110111000111000100
0111110111010010010001101
0111110111010010110110000
0111110111011010001101000
0111110111111100101100010
0111111000011010011011111
0111111001110110110001110
0111111001111000001000000
0111111010000000100000110
0111111011010000100011000
0111111011100110001000011
0111111011101101101101001
0111111011110010111001111
0111111100000001001100101
0111111100010001110011101
0111111100100000010001010
0111111100110111101011100
0111111101100101000000001
0111111101101101110011011
0111111101101111101101111
0111111110000001101101101
0111111110010000100100011
0111111110100111000111001
0111111110101001100110111
0111111110110110001001000
0111111111001000110111111
0111111111001100000011010