100000000001101000010001
100000000101101100110110
100000000101110001000110
100000000111001110101000
100000001000000011001100
100000001011100110100111
100000001100010111111001
100000001101100011100110
100000001101101010011110
100000010001101000001110
100000010010101111110011
100000010100000110111000
100000010100011011000010
100000010100110001111000
100000010110000111111111
100000011000001000000111
100000011001010010010000
100000011011010011101001
100000011011110011111110
100000011110011100001100
100000100010000010001111
100000100010001011100010
100000100011101110001010
100000100101100101110100
100000100110011100100000
100000101001001010000010
100000101011010000010101
100000101101001111110100
100000111111011010001011
100001000000100111001010
100001000010010001110010
100001000110001000100111
100001000110101111111010
100001000111101001000100
100001001010001111011010
100001001100000011110100
100001001111101011011111
100001001111111111100001
100001010010101011110110
100001010010101111011101
100001011001010111101001
100001011001110100100101
100001011011101110110010
100001011100110000101000
100001011110011001001000
100001011110111110101010
100001100010001101110000
100001100011011100011110
100001100100011100001101
100001101010101010011010
100001110000110101111111
100001110001011001011010
100001110010011001110010
100001110010100101101000
100001110101100101010101
100001111010000110011110
100001111011011001110010
100001111101001000000001
100001111111101011011110
100010000000011011110001
100010000001110101101001
100010000011101000110101
100010000101001000111100
100010001010101001100010
100010001111001010010110
100010001111010011100100
100010001111100000100100
100010010100000001001010
100010010101100011111000
100010011000000011101000
100010011001001100010100
100010011001011101001111
100010011011100100001010
100010011100110011110111
100010011101110110001100
100010011111101011111111
100010100000010001110111
100010100001000101110110
100010100001001100001010
100010100010000101011101
100010100011001001011101
100010101001001110011010
100010101001100100000101
100010101010010110000100
100010101011000010111010
100010101011010101000010
100010110001011111100011
100010111001101000110111
100010111100101100010000
100010111110100001001101
100011000000110100101011
100011001001101011101010
100011001100100111110111
100011001100101010000010
100011010000101010110100
100011010101001011001010
100011010110001001010010
100011010110010000100000
100011011000000111011100
100011011001100010111100
100011011010011101000011
100011011010101110111011
100011011011010011110100
100011011110010010110011
100011100000010011100011
100011100000011011100111
100011100010010111100100
100011100101000000110010
100011101000010011100000
100011101000101001111110
100011110001101100001001
100011110010111101010011
100011110100100101001000
100011110100111110001010
100011110111001111010001
100011111000001011100110
100011111000010100111110
100011111000100000000000
100011111010011011110101
100100000010110110000010
100100000111000001001101
100100001000000110100100
100100001001111010010110
100100001011001001110111
100100001100011101010000
100100001100111111011010
100100010101101001101110
100100010110000010100111
100100100110110000110000
100100100111111000000010
100100101100101000001011
100100101101010001011000
100100101110011010001111
100100110001000000001011
100100110010011110111000
100100110011100110011101
100100110110010100010100
100100110110101001001001
100100111100000110011011
100100111100110110101100
100100111110111100000001
100101000010010101101100
100101000100101101010001
100101000110001000011111
100101000111111100010001
100101001011010110000011
100101001110110100010000
100101010010011101011100
100101010111000100101100
100101011000100110101001
100101011000100110110001
100101011100011001100010
100101011110001000011011
100101100000011001010001
100101100010000111111000
100101100010011001001101
100101100011101111010110
100101100100011011110011
100101100100100110000011
100101101001011100000111
100101101011111001110110
100101101100011110101101
100101110000110100101111
100101110011000111010100
100101110100100111101011
100101111000111110100111
100101111001001100010110
100101111011111111100010
100101111100010110011110
100101111100111000100110
100101111101100001101100
100101111111111101011010
100110000010011111000000
100110000100000110001010
100110000111001111011011
100110001011100000100110
100110010100001110010000
100110010110001111111101
100110011010111010100111
100110100100010001010001
100110100111011001001011
100110101010000111001011
100110101101011011011101
100110101110110100010111
100110101111011000010000
100110110000001010101101
100110110010001000010001
100110110111110010111000
100110111000111000101111
100110111100000101000110
100110111101100011000011
100110111110001000010000
100110111110110010110101
100110111111100110011000
100111000000011000000001
100111000010110001010000
100111000011001110010000
100111000011111101100000
100111000101001110001000
100111000101101001011001
100111001000011100110101
100111001010110001111011
100111001011111111110111
100111001101010100101010
100111001101010101111001
100111010000110000111011
100111010001010100111001
100111010110100000110010
100111010111110001001011
100111011001011010111111
100111100010001011010001
100111101100011110111101
100111110001100110111011
100111110100011111110001
100111111011000001100000
100111111011010011000011
100111111110001000011000
100111111111111001010110
101000000010100000110110
101000000101010110011010
101000000111100110011111
101000001000010101101110
101000001100001110011110
101000001100101110100000
101000001101000111001111
101000010001001000011110
101000010001010110101000
101000010010110001101110
101000010011001111111011
101000010100111011101010
101000010101000101010001
101000010110101011101001
101000011010111100001111
101000011101011010011110
101000011110101101010111
101000011111010010110101
101000011111010110000011
101000011111011101000110
101000100000001000001101
101000100001111011111101
101000100011001110111011
101000100101000110100010
101000101010100010100101
101000110001001011111111
101000110001001111010111
101000110010000010000110
101000110110000100111000
101000111000101000101100
101000111010010000101100
101000111010101101000010
101001000011100100100001
101001000100001010001011
101001000101000010001101
101001001001101001111101
101001001001110000000101
101001001011010000001011
101001001101010010000001
101001010101110001111010
101001011000110001100100
101001011011100100110111
101001011100010111011110
101001011111001111110111
101001100001100101101100
101001100100111011110100
101001100110000000100010
101001100110010111000011
101001100111111100111001
101001101000110100000011
101001110000110110110101
101001110011101000001011
101001110110010000110111
101001110110111100100011
101001110111001000001111
101001111010100111101101
101001111110101001011010
101010000010011111010100
101010001000001110001100
101010001011000100101100
101010001100101111111100
101010001101001001110111
101010001110101011101010
101010001111111010001001
101010010011111001101010
101010010100100100000101
101010010111110011100101
101010011000100010000001
101010011010101110101001
101010011011110011000001
101010011100010110110100
101010011100100111111001
101010011111011110111100
101010100010100000101011
101010101000111100000000
101010101001100110110001
101010101010000000000110
101010101010110000001000
101010101011001011100110
101010101100001111100000
101010110101010100100010
101010110111001100000011
101010110111100001011000
101010111010110001000110
101011000001100100100110
101011000101001011011000
101011000110000110010010
101011000110111101010001
101011000111100011001101
101011001011110110100110
101011001100100100011000
101011001100110111111111
101011011001010100011110
101011011010110111100000
101011011100001010100101
101011011100001101100111
101011011101000000100001
101011100000011101011101
101011100000110000101101
101011101010000000011000
101011101100110111110100
101011101100111100110101
101011101101111001111001
101011110001100010011101
101011110100010110110011
101011110100111011110011
101011110111000110101101
101011111100001011110001
101011111100110101010110
101011111110010100101000
101100000001100100111100
101100000100111111011100
101100000101010000001100
101100001000000101111101
101100001000110111110001
101100001001011010111111
101100001010000100100011
101100001100010000111011
101100001110011001101101
101100010001111011010100
101100010011011001111000
101100011101001001011010
101100011101001111110100
101100011111000001011101
101100100101010100101111
101100101000000001010010
101100101001110000000001
101100101100010010110100
101100110011110000001000
101100111001101111010011
101100111010011110100001
101100111010100000011100
101100111010111000100101
101100111011101001100111
101100111100110110101001
101101000000011100000001
101101000001100010011101
101101000101100101001010
101101001001001000111111
101101001001010000111101
101101001001100101100111
101101001010000100111000
101101001011010101001111
101101001011110000000000
101101001101010001110001
101101001101101101000101
101101001110101011010001
101101001111101000011110
101101010001001101001001
101101010010000110011110
101101010010011010011110
101101010010110001110011
101101010011100110010100
101101010101110011011001
101101010110010111011111
101101011000001011010011
101101011011110000011110
101101011110110011011100
101101100100100000100100
101101100101111110110100
101101100111110101000011
101101101101001000001111
101101101111010011011101
101101101111101000111000
101101110011011011011101
101101110111011011110111
101101111001001000001010
101101111001110001001110
101101111010111100000101
101101111011101100000010
101101111101000101001101
101110000011001110011100
101110000011110100001101
101110000100110111000111
101110000101101010111001
101110001001010110111111
101110001011101000000011
101110001100011101101110
101110010000110101100101
101110010001010110011001
101110010001100000100110
101110010010000111101101
101110010010001000100101
101110010010101101110011
101110010010111111010000
101110010100010101110001
101110010111011001101100
101110011001001101000111
101110011110011000001110
101110100000011011011110
101110100001001110110010
101110100001110000000100
101110100101001111011001
101110101010001100111001
101110101010111110110111
101110101100000011011011
101110101100011100101011
101110101110101111001101
101110110010001001011010
101110110011101111001110
101110111000101101000011
101110111010111100010010
101110111110100001101001
101110111110111110001001
101110111111100010111101
101111000100100000111000
101111000100101000000110
101111001001010111011101
101111001100101100000100
101111001100110101101111
101111010000110101011010
101111010001011000101000
101111010010110010000000
101111010100011111100010
101111010110100000110111
101111010111110011000011
101111011000100100001100
101111011001110000010000
101111011001111001000111
101111011001111100101110
101111011011010011010110
101111011011111111011011
101111100000110101010110
101111100100011101010101
101111100100101001111101
101111101000000111010011
101111101011100011101110
101111101100000010001101
101111101100010000111001
101111101100011000100011
101111101100101110001001
101111101100110010111110
101111110001011011101101
101111111000001100011111
101111111010001000100110
101111111100111011010111
110000000011010100100001
110000000100111001101010
110000000110000010010010
110000000111010010111111
110000001100010011100000
110000001101000000100101
110000001101101101011101
110000010000110100001001
110000010010100010101100
110000010010101100100000
110000011001000111110111
110000011101000001011010
110000011101000011111011
110000011101010100001010
110000100001101110010000
110000100100001000011110
110000100100101000011011
110000100101100110001111
110000100110010100111111
110000101011010011010110
110000101111111100010111
110000110000000000110110
110000110001000001101110
110000110001011001110100
110000110011011101110011
110000110011111100010101
110000110100000010111001
110000110110101010110110
110000111000100010010000
110000111000110101110011
110000111011001110110110
110000111011011001101000
110000111101010100111001
110000111101110000101010
110000111111011110001111
110000111111101110110111
110001000000001100101001
110001001100010100101000
110001001110111010001011
110001010000111010000100
110001010101001100001001
110001010110110000010111
110001011100010000110110
110001011100010101011100
110001011100110000101001
110001011110000001100011
110001011110011001010000
110001100100100001101100
110001101100000101111000
110001101111111011111000
110001110000101111000011
110001110001000010010111
110001110101111000111011
110001110110000110001000
110001111001100010100001
110001111101101000000101
110010000111001101100101
110010000111111011110010
110010001101101000000101
110010010000110111100111
110010010010100111111100
110010010011000010011010
110010010110111111010110
110010100000010110010011
110010100001011100001100
110010100100000001111100
110010100100011110001111
110010100110001101001100
110010100111110011001100
110010101101110110101100
110010110000101110110101
110010110001000100011000
110010110010001001101000
110010110011101001111110
110010110110100101101110
110010111000010001001111
110010111001111110110000
110010111010111100111010
110010111110011101010011
110010111110111001111000
110011000001001011111001
110011000010101001110110
110011000101010100011010
110011010000111110010101
110011010101100101010010
110011011011100011111000
110011011011101100010000
110011011100001000110001
110011100001000001110111
110011100101111001111100
110011101101011000001000
110011101110101010100001
110011110000011110111001
110011110000111010111001
110011110001100000111111
110011110111110101100111
110011111000000101010111
110011111001100001101111
110011111001100101000111
110011111101011010100110
110100000000011111001101
110100000001010000100111
110100000101001010110011
110100000110010010011101
110100010010111000111011
110100010010111100101111
110100011000110011000000
110100011011001001010101
110100011011001010000000
110100011100010001010010
110100011101101010001101
110100011111100110000011
110100100001000111010001
110100100010010011100011
110100100010111100011001
110100100101110001000011
110100100110101111100001
110100101000111010110101
110100101001000010110100
110100101011110110000011
110100101011111101100111
110100110001101000010111
110100110101001001111000
110100110110110001001101
110100111101011100101100
110100111101011100110001
110100111110000001001000
110100111110111111101000
110101000000011000001011
110101000111100010010110
110101001101100000000000
110101010000001100100001
110101010001000101101111
110101010001000110001100
110101010010001110111000
110101010011011000101000
110101011011010001000011
110101100001101111000001
110101100010101100011111
110101101001100101110011
110101110001111110101101
110101110111001011000001
110101111100001101011110
110101111110011110001001
110101111111110101101010
110110000000110111011111
110110000001101101001111
110110000111010100011001
110110001101001011010011
110110010101100010111111
110110010110001001010111
110110010110110010100000
110110011000010100000110
110110011001111101101100
110110011100001000001001
110110011110001011110100
110110011111000111010101
110110100011101011111111
110110100101111100001110
110110100110000010000111
110110100111011101010100
110110101000000001110100
110110101111001011111111
110110110001111110001100
110110110010001111001001
110110110111100101111110
110110111000000011101000
110110111100011111111011
110110111101100000011000
110111000000010011001101
110111000011111011111011
110111001011111011000001
110111010001000100101111
110111010100010111100110
110111010101000011110000
110111010111110010100011
110111011001011000001011
110111011011001101010010
110111100100100000111010
110111100101000000000000
110111100110110010001001
110111100111001000110111
110111100111111101101010
110111101100001011110001
110111101100011111100010
110111101100110011010010
110111101101000001100110
110111101111111111101110
110111110010110010011110
110111110101001101010010
110111111010101100010000
110111111100111111110010
110111111111010001101001
111000000010011001001110
111000000011110010000010
111000001011001100001101
111000001100101011110101
111000001101111111100111
111000010001101001100011
111000010010001000101111
111000011001001000001011
111000011001011000110110
111000011001011001010001
111000011010000000010001
111000011010100001011000
111000011100101101111101
111000100010100101001101
111000100011010101011001
111000100100001010110001
111000101000101101010100
111000101011111000001001
111000101101101001110111
111000101110000110011101
111000110110110010011110
111000111001011001111101
111000111100011101011100
111000111111111001001011
111001000010101101011011
111001001000101010000101
111001001101011111010001
111001010100001111000011
111001011000100010001010
111001011100111100101110
111001100101110100111000
111001110010000010001100
111001110101110110100001
111010000001001100110011
111010000001100001011001
111010000010000111100111
111010000010101110010011
111010000011111100100110
111010001100111100101001
111010001110000101011100
111010010011101110001001
111010010100101000110101
111010010101101110011101
111010011010000110110111
111010011010100000110000
111010011011001111101101
111010011100010111001010
111010011101001011010001
111010011110001101010000
111010100010011111000010
111010101011001111101100
111010101100000011110100
111010101111001000110000
111010110000110000011001
111010110010001111100001
111010110010010010000000
111010110011110010101000
111010110100011011110000
111010110110001100101101
111010110110010101110101
111010111010110011000110
111010111010111001111110
111010111011100000101010
111010111100010001100010
111010111110101011111011
111011000001001100000110
111011000001111001011010
111011000010001100101110
111011000100000110001010
111011001001101110100011
111011001110010111000110
111011010010010110011110
111011010100000100101111
111011010110111010001101
111011010110111011001000
111011010111001111111010
111011011000100101111111
111011011001000110111010
111011011101110001111100
111011100001110101000100
111011100011100011001111
111011100011110110010001
111011100100011011100011
111011100111100101000110
111011101101111110111101
111011101110100101110101
111011110000110111100000
111011110010100010110111
111011110011110000111101
111011110100000110101101
111011110100110011010101
111011110110000001001011
111011110111001101001000
111011110111110010111101
111011111110010011100000
111011111110100000110101
111011111111110010110111
111100000000000100000001
111100000001000010010001
111100000001001011100101
111100000001111010100100
111100000010010001100010
111100000100111100010110
111100000101010111100011
111100000111111101011110
111100001010000110000010
111100010000010111111001
111100010001100111101010
111100010011010110000110
111100010101100011001111
111100010111100101100000
111100011000010000100011
111100011000011101111101
111100011000100101101000
111100100100101000001100
111100100101110100010101
111100100111100110100011
111100101011110001111101
111100101011111110011111
111100101101000110011010
111100101110001010011001
111100101111100001001000
111100110000101010011111
111100110001010110111000
111100110011110100111011
111100111000000011110111
111100111011101111111010
111101000001001010000101
111101000010000011110000
111101000010111011010100
111101000101001001001001
111101000110110101101000
111101001011001010100111
111101010000001010110101
111101010101100010111111
111101010110001010000011
111101010111001010001110
111101011000111001010011
111101011001111001111111
111101011110101001110101
111101011111110111001011
111101101110100101010001
111101110010101001011110
111101110011101100011111
111101110111011001000111
111101111011000010111010
111101111011100000000100
111101111011111101010010
111101111100111011001010
111101111101001010111000
111110000000111010000101
111110000011011101101000
111110000101001000111110
111110000110000001000111
111110001011100010100001
111110010001011010001111
111110010011111010010100
111110010101100010010101
111110010110110000100000
111110010111010001011101
111110011101110110110111
111110100101010001111110
111110101001101110010111
111110101001111010101101
111110101010100001110010
111110101011100011001001
111110101011101010100110
111110110001000111111010
111110110100101011011010
111110110101110011110111
111110111000010000110010
111110111010010100000101
111111000011100000101001
111111001000000001000001
111111001000010100010010
111111001001010111000110
111111001011011101100110
111111010101000001011100
111111010110010101101000
111111010110110001011011
111111010111000101110010
111111010111001101110110
111111011001010101000110
111111011100110010010011
111111011111110110011011
111111100001000100011111
111111101010100001010101
111111101011000111100101
111111101110100011000000
111111101111110001001011
111111110010101100110110
111111110010110011000111
111111110110111111101011
111111110111001101100000
111111111000010111001110
111111111011101111111011
111111111101001011100010
