100000000010001101101101
100000000111010111011111
100000001111011001110100
100000001111111100011100
100000010011100001011101
100000010101110011001101
100000010111000100110011
100000010111010000110011
100000011001101100101011
100000011101101100010111
100000011111101001000110
100000100010010000111001
100000100100010001101000
100000100111001010011101
100000101001010001011010
100000101001011011001000
100000101001101110011001
100000101100111111101101
100000111100010000100010
100000111101010111111011
100000111110100110111001
100001000000110101000000
100001001001110111110111
100001001010100001111000
100001010011001001100100
100001010100100000001100
100001010101000101000100
100001010110011110011001
100001010111100011110111
100001011000110011100000
100001011001110101000010
100001100011010111110010
100001100011011010101101
100001100011101101010000
100001100110011100010000
100001100111001101111001
100001101100101010111111
100001110011000111110110
100001111100000110100101
100001111101001110100100
100010000101100111010011
100010000111111111011110
100010001001001101010101
100010001010100000111001
100010001011111001001111
100010001101001011011101
100010001110100100000110
100010010011110101100000
100010010100000001010110
100010010101100011011000
100010010111110111110111
100010011111111010010101
100010100100001010100110
100010100110000001000011
100010100110101010010011
100010101000001100000101
100010101110101011111001
100010101111000110100100
100010110011111000001000
100010110110111111010001
100010111000010010001111
100010111111001111011000
100010111111111010101010
100011000000001011111000
100011000001100101111001
100011000011011011110111
100011001000110000000000
100011001110100100100011
100011010000110100110111
100011010001001010111101
100011010111110001011100
100011011001110000000000
100011011011101000001111
100011011101001101001010
100011100110011001110111
100011100111010010010001
100011101000001011100000
100011101001000010011111
100011101001011101100011
100011101010100001110111
100011101011000110001011
100011101110011100001110
100011110000011011011010
100011110000011110001100
100011111000001111101111
100011111101110000010001
100011111111001111011000
100011111111010001010111
100100000011110010001111
100100000100100110101101
100100000110111100111100
100100001000000101100010
100100001000011000010101
100100001001110010000111
100100001101100101100110
100100010011001010111111
100100010100000110100100
100100011110001011111111
100100100010100001000110
100100100010111110000000
100100100100100001011000
100100101000111100010010
100100101101011011001110
100100110100000110100110
100100110111111010100101
100100111000011011101100
100100111000111001100001
100100111010010001010010
100100111101010001100011
100101000100001011101101
100101000110011110111011
100101001100110001110111
100101001101000000011100
100101001110001111011100
100101001110100101101000
100101001111010111110110
100101010000010000000110
100101010010101010101011
100101010011101001110100
100101010100010101001111
100101010101101001111000
100101010101111100100011
100101010110100001110011
100101010111001111000111
100101100000011111101111
100101100111101011011000
100101101000010111011011
100101101001000001110011
100101101011001101100100
100101101100000000110111
100101101100000110110010
100101110001111011011100
100101110010100011011011
100101110011100001110101
100101110100011010011011
100101110110010011110011
100101110110110101010100
100101110111001010011000
100101110111010011001100
100101111111111111100001
100110000001010111011110
100110000010011000111101
100110000011001010110000
100110000101111000011000
100110000111111100000010
100110001000101100001101
100110001001101101111001
100110001001111110101101
100110001001111111011101
100110001010111000001100
100110010100011110100101
100110010101000011100010
100110010101111111110100
100110010111011110100010
100110011011010110011111
100110011011011101010101
100110100000010101010110
100110100011111111111100
100110100110100010000001
100110101001100111011110
100110101010110111100000
100110101011001010111110
100110101101000111110100
100110110011011100011011
100110110100000100010001
100110110100111001111111
100110110110101010000000
100110110111110100101101
100110110111111001100000
100110111000101001100000
100110111001101000101001
100110111010011000101000
100110111011100111010011
100110111011110101001101
100110111110000000111110
100110111110110100010101
100110111111010000011101
100111000000111111011011
100111001000111111100010
100111001010011010110110
100111001010100100110000
100111001100100110000111
100111010001010100011001
100111010010111010101001
100111010110010010010111
100111010110100100000001
100111010111000100101100
100111010111111110000111
100111011011010000111100
100111011110011110000000
100111100100111101010010
100111100111101111110101
100111101000110011101000
100111101101111001110000
100111101101111010000001
100111110000100010000011
100111110000101011111111
100111110010001010100101
100111110100010011001000
100111110101011111110110
100111111000001010000011
100111111000100001001011
100111111010010110000010
100111111010100100011000
100111111100111001101010
100111111101101100101001
100111111110001111110011
101000000000100100111001
101000000010001001011110
101000000111101011010010
101000001000111000111100
101000001001011111000000
101000001001111011110000
101000001100000111101110
101000001110101110101110
101000001111010110110100
101000010000011101011100
101000010111010100000100
101000011000011011011100
101000011001100001111101
101000011100001110100001
101000011111100000101110
101000011111101010000111
101000100001101011100010
101000100010011110100100
101000100110011000001100
101000101001100110110101
101000101100100110100100
101000101101011110001000
101000101101111111011011
101000101111000110101101
101000101111110110001010
101000110011000110011000
101000110110011000101010
101000110110100000011101
101000111000101100000001
101000111100001000110011
101000111110000111111010
101001000000011010001010
101001000010100100111110
101001000101101100010010
101001000110010101001000
101001001000001010111001
101001001001110001111011
101001001011110101000111
101001001101010000110101
101001001101010101011100
101001001101011101000011
101001001110101110000010
101001001111001100010111
101001001111100101101110
101001010011000110110110
101001011001001110101000
101001100101111010101001
101001100110101110111110
101001101100110110111001
101001101101010000000011
101001110011110101011010
101001110100000011110110
101001110101010111101111
101001111010111000000100
101001111010111010111100
101001111110011101011010
101001111111001111010111
101001111111110101011110
101010000001011100001100
101010000011000011010011
101010000100101101000111
101010000111011011110001
101010001000101111100111
101010010010000001001101
101010010100100010111101
101010010101100111100001
101010010110001010101010
101010010111100011010100
101010011000000011000001
101010011001000100000011
101010011001010111110101
101010011010111001000011
101010011011100101001101
101010011100011100100000
101010011111011010011010
101010011111101000111001
101010100000110000111000
101010100001000001101010
101010100001000010011110
101010100010010011000111
101010100100011010101010
101010100100111011110100
101010100101110100011001
101010100111001111110011
101010101000011011111010
101010101001000000010000
101010101001011100111110
101010101100100101100001
101010101111110000101010
101010101111110101001101
101010110000110000000101
101010110101000011111111
101010111000110001111100
101011000100010100101011
101011000100011111011101
101011000101100010100011
101011001111100010110101
101011010010001111100000
101011010011001100000110
101011010011110101101100
101011010101101000000010
101011010111101100111010
101011011001100000100111
101011011100011011111001
101011100010000110011110
101011100011001100111000
101011100011011100001100
101011100101101100001010
101011100111100011000000
101011101010010111010110
101011101010101011010100
101011101100001111100101
101011101110100101011100
101011101110111110110111
101011110101101111010111
101011110110000110001101
101011110110100100000110
101011111101000111101000
101011111101100100110100
101100000000011101101111
101100000000101110110010
101100000001111110101110
101100000111001101100100
101100001001010110011011
101100001011100100110000
101100001110001001010101
101100001110101001101111
101100010011000000010110
101100010110010010010100
101100010110111100111010
101100011000001110000100
101100011000110101011100
101100011000111110010101
101100011010111000011111
101100011101101010011100
101100011101101110000001
101100011110100000100000
101100011110100101000000
101100100001000101110001
101100100100100001101110
101100100100110010111100
101100100100110100011001
101100100110001100010000
101100100110011100001011
101100101100000010010010
101100101101011000011010
101100101101100100000101
101100101101111011101000
101100110100100101000100
101100110101110101100101
101100110101111010000001
101100110110010111011111
101100111101001000111101
101100111101110010011101
101100111111010011011010
101100111111011111011101
101101000010001111111011
101101000110001111011011
101101001000101001101110
101101001011001101001010
101101001011100001100010
101101001011101100001001
101101010100110001001011
101101010101100110100101
101101010111110100101001
101101010111111000111110
101101010111111010011111
101101011100100000100000
101101100000110011010001
101101100010010000111001
101101100100000010110000
101101100101101010001001
101101100101110000001000
101101100110110010100011
101101101000101000010100
101101101001100011010011
101101101011010000111011
101101101110101000110011
101101101111100101000101
101101101111101001111111
101101110000000000011010
101101110010001010110010
101101110010110011101000
101101110111110101100010
101101111110101101101001
101101111111101001100111
101110000100001110100101
101110000101001010001101
101110000101110000111001
101110000110000010001001
101110001001010010000101
101110010001011111000000
101110010010111110101110
101110010101010111011101
101110011000011101000011
101110011110111110001000
101110100001111000100000
101110100011000101011100
101110100100101011001010
101110100110000101100100
101110101000011111010111
101110101001010000100010
101110101010101111000001
101110101011001100111101
101110101100100011111101
101110101111000110110111
101110110000101100100101
101110110011101101000000
101110110101010000111000
101110110111010110010111
101110111010011100010101
101110111011001001001110
101110111101100010101011
101111000010000111011000
101111000011110101001001
101111000101110010010110
101111000110110001001111
101111001001010011100000
101111001101100001100100
101111001111110100000001
101111010000010110001000
101111010000110000000100
101111010010111001010000
101111010100111001111110
101111010110000111101001
101111011001011001000101
101111011010110111101000
101111011011010101101100
101111011111111110000111
101111100011101001000011
101111100100000011010000
101111100100110001110010
101111101101000001111010
101111101110011101111010
101111110001100101011010
101111110010001010110011
101111110010011000001111
101111110011010111100010
101111110100011111001100
101111110110011000011110
101111110111011101010101
101111111000001110001111
101111111011100111011111
101111111110010001111110
101111111111100101111010
110000000001100100111000
110000000001100111011011
110000000011110000101010
110000000110110011011101
110000001001100000000010
110000001001110110111110
110000001111101101101111
110000010100100000001001
110000010100110100101000
110000011001010011011011
110000011010011111110110
110000011011101100011100
110000011111011101011000
110000100001010110100001
110000100010010100010101
110000100100101111110011
110000101001001010111010
110000101011110110111001
110000101110101100110000
110000110000011001110110
110000110011101000111001
110000110101001001010111
110000111000100001010111
110000111100001000011000
110000111100010000000111
110001000100110101010001
110001000101111110010101
110001000110110010000010
110001000110110101101101
110001001001010010001111
110001001001110101001011
110001001100100111111010
110001010010000010101101
110001010010111101011001
110001010100010010011111
110001011001110010011011
110001011001110101011111
110001011010011110111110
110001011101010001101100
110001100001100101110011
110001100010111101111011
110001100100010111111001
110001100110110101001101
110001101000001101111000
110001101000101011010000
110001101001100110011101
110001101011110101011001
110001101100111101000101
110001101101010001110111
110001110001010011110111
110001110010100101000101
110001110011101100101011
110001111001110011010101
110001111111110100101001
110010000010100101100111
110010000101011000001111
110010001000000011001010
110010001101000111001100
110010001110101010000011
110010001111000000010011
110010010000011110011110
110010010100000010010100
110010010100101000011011
110010011000010100111011
110010011101111011110000
110010011110001110111111
110010011110101000101101
110010101000000001101111
110010101001001110000111
110010101010110101000110
110010101110010110000000
110010101110011011110111
110010101111011001001110
110010110001000110101101
110010110001110000110111
110010110100000111111011
110010110100001110011101
110010110101101000100111
110010110111010101010100
110010111000000000011110
110010111000010011101000
110010111001100010100001
110010111001100011000110
110010111010110100000111
110010111011111100100101
110010111101011110000111
110010111111111001000000
110011000011110111011111
110011001000011101011110
110011010000101001011110
110011010101000010101100
110011011011100110111011
110011011110000101010110
110011100001110111101111
110011100101001010100101
110011100111101010100101
110011101110000110110111
110011110010111100010001
110011110011110111001101
110011111100101101011111
110100000000110011110101
110100000010011110101101
110100000011110011111100
110100001001101001011100
110100001101010011101011
110100001111111110011101
110100010000000011100101
110100010010100111001010
110100010010101000001100
110100010101111011010111
110100010111001011110101
110100011100101000011010
110100011101001000011110
110100011101001011010000
110100100001101011101010
110100100100111010001111
110100100110011001111010
110100101101101011111011
110100110000001011101110
110100110100110101000000
110100110111000001001111
110100110111101100011001
110100111010000011100110
110100111010101000100100
110100111100100000101111
110100111101011100100001
110101000000110101100010
110101000001111111101000
110101000101001101111000
110101001000101101010000
110101001100100110001000
110101001110000111010010
110101010011000110000000
110101010100010000001001
110101010101000010011111
110101011111011001111001
110101100000001001111100
110101100001010000101101
110101100001101111010101
110101100111010001100011
110101100111010100010011
110101101000101111011110
110101101100000011011100
110101101101010001010111
110101101101010010111011
110101101110100001001000
110101110001000101000011
110101111010110101111111
110101111100001001011000
110101111101100000000110
110101111101110001111111
110101111110011010111111
110101111110110101110111
110101111110111111000101
110110000001100011011100
110110000011010010100011
110110000011011000011110
110110000101000110101111
110110001000111010110101
110110001001100100001111
110110001110001101011000
110110001110011011000000
110110010000001010010000
110110010000010000101001
110110010001001001111100
110110010011110111111111
110110010100100110110001
110110010100110100111110
110110010111010110100101
110110011010001011010011
110110100011011010101001
110110100101100110110010
110110101010000110101101
110110110110111001001100
110110111000011000100101
110110111001001010001111
110111000001011110001100
110111000101000100111111
110111001101111000001011
110111001111100101000101
110111001111101111110111
110111010011001110000111
110111011111000010111100
110111011111001110000001
110111100001001111111101
110111100001011010110001
110111100010000110110111
110111110110101111101010
110111110111011010101101
110111110111011110101010
110111111000011110010100
110111111100011110111011
110111111101100011001001
110111111101111110000110
111000000000010001110101
111000000010110100110011
111000000101101101111111
111000000110010010100000
111000000110101110101000
111000001010010100011111
111000001011000111111011
111000001100110011101011
111000010001001100000000
111000010101011001001111
111000011000010110101000
111000011001111101101010
111000011010011000101000
111000011111111111111011
111000100001001000100011
111000100001101010001101
111000100011001111010000
111000100011100000001111
111000100011110010011000
111000100101111010101100
111000100110101000100010
111000100110111011101000
111000100111111010101000
111000101101010100110000
111000101110010011000010
111000110001100001001000
111000110011101110011101
111000110100010111010011
111000110111000111110011
111000110111110110100111
111000111110001010100010
111001000111000010001110
111001001000010101000000
111001001001000101000001
111001001110001111000101
111001001110010111000000
111001010010010000000111
111001010101101001000010
111001011100011011010111
111001011100101001010101
111001011110011110011110
111001011111001100000100
111001100000000001001101
111001100000111000000001
111001100010000101110001
111001100010110110011000
111001100111001110001001
111001110001000111110010
111001110001101001011010
111001110100101100101101
111001110111000011111101
111001111000011011100100
111001111100001000011101
111001111101110111110110
111001111110001111111011
111010000100111100011110
111010000111010101010110
111010001100000001010000
111010001100110100110010
111010001110011100011001
111010010000000110011101
111010010001011011000000
111010010100111100101001
111010010101010011001110
111010010101010110110011
111010011100001110001000
111010011110001000100100
111010011111011100100011
111010100010011000001001
111010100011111001111100
111010100100101101001011
111010100110001110110000
111010101000111111101111
111010110000000001011110
111010111001101101010011
111010111101100111001110
111011000000111011100010
111011000010101110000000
111011000010110111010000
111011000010111100111010
111011000110000101101000
111011000111000111111110
111011000111110100110100
111011001001010110011000
111011001011010110100110
111011010010101101001101
111011010011000000110000
111011010011101011000001
111011011010101011010100
111011011111100110100110
111011100000101101001100
111011100010011011000101
111011100011111000001010
111011100111101000111100
111011101100000111001111
111011101100111011110000
111011110010101000010011
111011111001100010001101
111011111010010100001100
111011111100101000000101
111011111110000110010000
111011111111111000100001
111100000000001111110110
111100000000011011010100
111100000010001110011111
111100000100100001101111
111100000110111100001000
111100000111001110000100
111100000111111010000000
111100001001101100101011
111100001001101110010110
111100001100100100011000
111100010001111100101110
111100010010111010010111
111100011011001110110000
111100011100001000101000
111100011100110110000100
111100011100110111010100
111100100010001001111011
111100100011110100010101
111100100111000110010011
111100101000100111111011
111100101001010110001100
111100101011111000010000
111100101101001001100001
111100110001100011100100
111100110010000111000111
111100110010111010000010
111100110011011001010101
111100110101000011100011
111100111001011000101100
111100111001011110010111
111101000110110100010101
111101000110111010100010
111101001010001000100001
111101001010101001011111
111101001101100010010000
111101001110101110000110
111101001111000001001101
111101010011010110000010
111101010011100101011110
111101011101001101000011
111101100001000011101010
111101100001010001001010
111101100010000110110110
111101100100000010010010
111101100100101000110000
111101100100101010110011
111101101001010000110101
111101101010100101001100
111101101101111110011110
111101110011100110111011
111101110100010010110000
111101110110011100011000
111101110111000101000010
111101111001011001111101
111101111110001101111011
111101111111101111011110
111110000001000100001101
111110001000110110001011
111110001011000110111111
111110001011110100001100
111110010010111110000110
111110010100010101100101
111110010101100110000111
111110010110011110010111
111110011001000010110100
111110011010100010011100
111110011110101010000111
111110011110111101000010
111110100011000111110001
111110100101111100000001
111110101000000011011001
111110101000001111100101
111110101001010100001011
111110101100111011111111
111110101101000001111011
111110101110000110000100
111110101111100101111101
111110111001101001010110
111111000101011011010010
111111001110101101001100
111111001111100000010110
111111010010011100111001
111111010101101011011011
111111010110001011010000
111111011111110111100001
111111100001111111101111
111111100100010011000101
111111100111101110000000
111111101010011000011100
111111101010011010001010
111111101010110111001110
111111101011110111110000
111111110000001110101001
111111110011001001110111
111111111000000000000001
111111111110100001011100
111111111110111011011000