0100000000000110010111001
0100000000000110011011011
0100000000011110101111110
0100000000101100001000001
0100000001001010000001010
0100000001101000010010111
0100000001110000000001010
0100000010001000111010011
0100000010010010100010001
0100000011110100110001001
0100000100001111010111000
0100000100101001011111101
0100000101010000100000010
0100000110010100011110110
0100000110101000010111111
0100000111000000001111010
0100000111001110010011100
0100000111010101001001010
0100001000000010101010011
0100001000011000100001001
0100001000111100011111111
0100001001000000101110111
0100001001010011000000000
0100001001111101011011001
0100001010011111000111011
0100001011100010010000100
0100001011110010110111110
0100001100001000011001000
0100001100110100111100100
0100001100111000011100000
0100001101010100111111000
0100001110110110011101011
0100001110111100110000001
0100001111101010110100101
0100010000001011010100110
0100010000100010110100011
0100010001000010010100011
0100010001101010110100111
0100010001110100101111010
0100010001111000111010000
0100010010011101001100110
0100010010110110011010001
0100010010111101010010100
0100010011000010001001000
0100010011000110111100011
0100010011010010011000110
0100010011101011100101000
0100010011110001111011010
0100010011111011110000110
0100010011111110000100001
0100010011111110010000100
0100010100000010000010110
0100010100011000010000011
0100010100011101011001101
0100010101100110011110101
0100010101110110000010100
0100010110011110101110011
0100010111011000100011000
0100010111100000000000000
0100011000001001011010010
0100011000011100011000011
0100011000101001000001001
0100011000110010100110111
0100011001000011100010111
0100011001001101111011000
0100011001010101101100101
0100011001011110111111010
0100011001011111100000110
0100011010000101010101110
0100011010000111110010011
0100011010001110000011011
0100011010001111101111110
0100011010011010111101001
0100011010100000110011110
0100011010111001010000001
0100011100000011000100001
0100011100001010111010101
0100011100010010011011101
0100011100011101011001100
0100011101101010011011000
0100011101111001001000100
0100011110000010100001000
0100011110000010101110011
0100011110101101111010000
0100011111001110000101101
0100011111010101100010011
0100011111101100101111000
0100011111111111110100101
0100100000010100011000000
0100100000110110010001100
0100100001011000011100100
0100100001011011101100001
0100100001100011000001100
0100100001100111111011001
0100100001101001011010010
0100100001110100011000111
0100100001111000101011010
0100100001111011011011100
0100100010000110000111110
0100100010001011101010000
0100100010001110011010011
0100100010010110100111001
0100100010110101000001100
0100100100100100000101000
0100100101000110010001001
0100100101011100000110111
0100100101100010000100000
0100100101110010000011011
0100100110000101100011000
0100100110100001111101001
0100100110100101110100010
0100100110111001011110000
0100100110111001110011101
0100100111000000010101000
0100100111000110110111110
0100100111010100110001111
0100100111101011010111101
0100100111111000000100001
0100101000001100101110001
0100101000010111000011000
0100101000011010100100111
0100101000100000110100001
0100101000101111000001111
0100101001000101000100101
0100101001010011010011100
0100101001110101000101110
0100101010100101101101111
0100101010111000011100101
0100101011110110111011010
0100101100100001111011001
0100101100101001100101011
0100101101100010001101101
0100101101100101001011101
0100101101101011110000010
0100101110010110101100100
0100101111010101111110111
0100101111101010011110001
0100101111110001011100001
0100101111110111100110101
0100110000001101111100111
0100110000011101001010101
0100110000110011001000010
0100110001000001010101011
0100110010100001011100101
0100110011010001110100101
0100110011010111011111000
0100110011101000101111101
0100110011110010001001001
0100110100010000011100000
0100110100100010010101001
0100110100100011000110010
0100110100111101110011000
0100110101010100101001111
0100110110010001001001100
0100110110010010111001110
0100110110111010110000010
0100110111100100100010111
0100110111101101101101011
0100111000000110110110001
0100111000001000111100101
0100111000101111011001011
0100111000110111100011101
0100111001001111000010000
0100111001110000010110100
0100111001110001111011111
0100111010100011011111001
0100111011000000001000010
0100111011011000000011010
0100111100011111001010100
0100111100100001010010000
0100111100110000001100110
0100111100110011110101111
0100111101010011101001010
0100111101100000001110101
0100111110001110111000010
0100111110101010101100111
0100111110110100010011101
0100111111011101111010100
0101000000000001010011110
0101000000010010010110001
0101000000010011010111111
0101000000011100101100101
0101000001111000101001010
0101000010011110011101010
0101000010111001101100001
0101000011110101111100010
0101000100010001111110011
0101000100101010110010001
0101000100111010000011001
0101000101100110100111011
0101000101101001010011000
0101000110001011011000010
0101000110010001010111010
0101000110011110110100100
0101000110111011010111111
0101000111000100000110101
0101000111010000011001100
0101000111110000011111000
0101000111110100100111100
0101000111110110111101101
0101001001000001110000100
0101001001010100011110000
0101001001011100101011101
0101001001011100101100100
0101001001100110001101110
0101001001101010010010001
0101001001101010101010000
0101001001111000110111000
0101001010010001010010101
0101001010010100110001000
0101001010110001101011010
0101001011000010101110011
0101001011100001010101001
0101001011101010101100011
0101001011101100110101000
0101001100001111000000101
0101001100101011110011011
0101001101001100011111011
0101001101001101101111101
0101001101001111011111011
0101001101100001101100000
0101001101100100011111111
0101001101110110001000010
0101001101111011100100010
0101001101111111111000101
0101001110010001100101111
0101001111100110011000010
0101010000000100010001110
0101010000011011101011111
0101010000100000010010101
0101010000110010001100100
0101010001000110011110010
0101010001011010011100100
0101010001110011011011010
0101010010001110011100111
0101010010011010100010011
0101010010110011000001100
0101010100000100110000101
0101010100001001100000110
0101010100011111111001111
0101010101000001001011001
0101010101100010100011111
0101010101101000000011111
0101010101110111000100111
0101010101110111101111100
0101010110001101000100001
0101010110111000111011110
0101010111000010000001101
0101010111010110100001111
0101010111100111100001000
0101011000001010000111011
0101011000101000110001011
0101011000101011100110111
0101011000101100000111100
0101011000111100001011001
0101011001000101011000101
0101011010000110111010001
0101011010000111010110111
0101011011000101001000100
0101011011011100111110110
0101011011100010011101011
0101011011100010100010000
0101011011110110110101001
0101011100000000000010010
0101011100001001101001110
0101011100010011011111011
0101011100100011110110110
0101011100101100110001101
0101011100111000001011000
0101011101000011000110010
0101011101000100011111010
0101011101001100110111110
0101011101010010011100010
0101011101011001001011110
0101011101110110001100000
0101011110011000011100011
0101011110011000110001110
0101011110100000001000000
0101011110101101000011101
0101011110101111001110000
0101011110111100000101100
0101011110111111001110101
0101011111111010111010011
0101011111111111010111111
0101100000000010011111111
0101100000000010100000100
0101100000000011001110001
0101100000010000101110101
0101100000011011011000011
0101100000100010101100101
0101100000101110111010001
0101100000110010000110000
0101100000111011000110101
0101100000111110100110100
0101100001001010011101110
0101100001010111001010000
0101100001100000010110000
0101100001101111111011101
0101100001110110100111000
0101100001111100001100010
0101100010000011101010000
0101100010110100010011110
0101100011000101000000001
0101100011001010001011100
0101100011011001011111111
0101100011100101011110111
0101100100011101001110101
0101100101000000001000010
0101100101010011011101100
0101100101111100010101110
0101100110001101100000001
0101100110010100010010010
0101100110011100101010110
0101100110100000011001110
0101100110100110011101111
0101100110101010110011110
0101100111001010011011001
0101100111001010110010001
0101100111001110000010011
0101100111010101101101001
0101101000000010100101010
0101101000100011001001000
0101101000111000000111000
0101101001010101100011011
0101101001110000010101111
0101101010000111000000010
0101101011001010011000101
0101101100000000010001100
0101101100011001011011010
0101101100101010100010111
0101101100101111100011010
0101101101000010001010100
0101101101001011101011010
0101101101011101100101100
0101101101101111101101011
0101101101111000101110001
0101101110000000100110011
0101101110011010000110101
0101101110011010100101101
0101101110011110100000110
0101101110110010111101101
0101110000000000111100011
0101110000000100010000001
0101110000001001011101010
0101110000001011010100111
0101110001000001010100010
0101110001100010100001000
0101110001111110011110101
0101110010001101100010010
0101110011000000101001001
0101110011001111110100110
0101110011011010100001011
0101110011111111101111001
0101110100010010010111000
0101110100011001111001111
0101110100011100011001111
0101110100100110110001111
0101110101001100001101000
0101110101001110111010101
0101110101011101011101101
0101110101110000011110000
0101110101110100011010110
0101110110000010011100001
0101110110000010110000100
0101110110100010101111001
0101110110100111000000001
0101110111011000100000101
0101110111100000001010100
0101110111101100101110111
0101111000000001100001000
0101111001000001110011100
0101111001000010010000111
0101111001110111001110010
0101111010001100100110100
0101111010010010100101110
0101111010100010100111001
0101111011010001111010001
0101111011011101111000010
0101111011111001110001111
0101111100011100101010111
0101111101101101100111001
0101111110010011000111001
0101111110010111001000001
0101111110111001111010101
0101111111100110001101101
0101111111101000111001000
0101111111111111111111110
0110000000001010101000101
0110000000101100010101011
0110000000101100010101101
0110000001000011001001100
0110000001001011111101000
0110000001100010110111110
0110000010000010110110111
0110000010000100111011010
0110000010000101001000011
0110000010101101110101010
0110000011101110011010010
0110000100001110011010110
0110000100101100101010110
0110000100101101001010000
0110000100110101000010110
0110000110000101010001001
0110000110101000010110011
0110000111010011111110011
0110000111010111010011010
0110000111011111010000001
0110000111100000011011010
0110000111111011000010010
0110001000001100100010111
0110001000001100111100010
0110001000011000011000000
0110001000100101011110000
0110001000101010011010011
0110001001000110011100111
0110001001011011000010110
0110001001100111000000011
0110001001101100000001100
0110001001111001011001100
0110001010100100010110010
0110001011100000011101100
0110001011110101110111110
0110001011111111001111101
0110001100000000010001010
0110001100000011110011100
0110001100011011111100100
0110001100110100111100001
0110001101001100110000001
0110001101011010101101001
0110001101110010111101001
0110001101110100101101110
0110001101111100000100110
0110001110000110010000111
0110001110010010111110011
0110001110010111110101111
0110001110011000000000110
0110001110100010011000000
0110001110110000101001011
0110001111000101000100010
0110001111011000100110110
0110001111011111010010001
0110001111101001001111111
0110001111101110101111101
0110001111110010110011100
0110001111111100000100010
0110010000001110010000011
0110010001000001111000001
0110010001000010000000111
0110010001000010101111111
0110010001011001111001000
0110010001110110010101010
0110010011001001100110101
0110010011011111000000100
0110010011111001101000010
0110010011111110100001111
0110010100011001110010110
0110010100101010100100001
0110010101110111100001110
0110010110000010101111010
0110010110010101000111110
0110010110110101110001100
0110010111000000000000110
0110010111011111110001100
0110010111110001110011001
0110010111111110111011010
0110011000100000011111010
0110011000100000110110001
0110011000110011001111110
0110011000111110000011111
0110011001000001111100010
0110011001000100010010110
0110011001101101010101001
0110011001110001101101100
0110011010100010101110001
0110011010111010011010010
0110011011001010110011111
0110011011010000101010111
0110011100010011100000011
0110011100011010101010011
0110011100110001011010010
0110011101001001110000111
0110011101010110000001000
0110011101011101001000001
0110011101100100011100001
0110011110000010001111000
0110011110010100110110111
0110011110010110100011110
0110011110101010010011001
0110011111000010110011100
0110011111001010110100011
0110011111001100110010111
0110011111010111100111010
0110011111011100101010111
0110100000000111101000000
0110100000101101000101000
0110100000110000000100001
0110100001100110001001111
0110100001101110100011000
0110100001101111101111100
0110100001110011101111110
0110100001111111000110011
0110100010100001111110000
0110100010111000111011101
0110100010111011101010101
0110100010111011101011110
0110100011000000100000101
0110100011001000010001100
0110100100000110101000000
0110100100000111111110111
0110100100010000111110110
0110100100100010110011110
0110100100100100101101101
0110100100110000100000110
0110100100110111101001010
0110100101010001100101100
0110100101011011010101101
0110100101110001110000100
0110100101110110110100101
0110100110001111101101000
0110100110010001111010001
0110100110100100101010101
0110100111010110100100001
0110100111100111111111110
0110100111111001000101100
0110100111111010000001010
0110100111111011110011011
0110101000000010111100000
0110101000011010111101011
0110101000101011010001000
0110101000101101001111001
0110101001001000000000000
0110101001010100001000001
0110101001100001100100111
0110101001100110111011101
0110101001111000001101001
0110101011000011011001101
0110101011000100101111111
0110101011000101101110110
0110101011001111100100100
0110101100000101100011011
0110101100001101010111001
0110101100010011111010110
0110101100011000010000111
0110101100111000011001100
0110101101001000111100000
0110101101010000110111111
0110101101010101001111010
0110101101011011011011001
0110101101110011101000111
0110101101111011100010110
0110101110011000100001001
0110101111001010010111111
0110101111010101000011101
0110101111010110010100001
0110101111101100000000110
0110101111110000111110011
0110101111111001001010000
0110101111111111110101110
0110110000100010100110011
0110110000110100100111001
0110110000111000001001110
0110110000111110100011000
0110110001010001011011100
0110110001100000111111111
0110110001111101011110100
0110110001111111010000111
0110110010000011011000100
0110110010000011110110011
0110110010000111000011001
0110110010001111001110100
0110110010001111101110000
0110110010101001101010100
0110110010101001101101101
0110110010101111111101001
0110110010111110001110100
0110110011010101001000001
0110110011100000110000101
0110110011100001011100010
0110110011101100011101101
0110110011101111001000100
0110110011110100101111101
0110110100000011001111100
0110110100001101100010100
0110110100001110000111010
0110110100010010110000011
0110110100011101000101000
0110110100100000100010001
0110110100101100111110100
0110110101000110100110100
0110110101001000011010101
0110110101110100000000011
0110110110110100111100110
0110110111000001001011101
0110110111001010010000000
0110110111001100011110011
0110110111111111011000011
0110111000011101100010110
0110111000011110001011011
0110111001000001011010100
0110111001000011010001000
0110111001100011010100101
0110111001111100010000010
0110111010001000000011011
0110111010001010110000101
0110111010011100101101100
0110111010101011001011001
0110111010110100000011101
0110111010110110111111000
0110111011110001100110110
0110111011110100000111011
0110111011111101100011101
0110111100001110101000100
0110111100011011100010010
0110111100110001100010111
0110111100110111010011110
0110111101001011000010000
0110111110000011110010101
0110111111010101101100101
0110111111101011111100010
0110111111110001011000011
0111000000000010110010000
0111000000011100001111101
0111000000101001111001100
0111000000111000011101000
0111000001001001011000111
0111000001100000111010111
0111000001110111000011101
0111000010011101111010000
0111000010100110101011011
0111000010101110101111010
0111000010111111110000011
0111000011000011111111011
0111000011011111111101011
0111000100001001111011001
0111000100001110100101000
0111000100011000110010100
0111000100100011010010011
0111000100100100101111011
0111000101010100000101100
0111000110011011111111100
0111000110100010101001011
0111000110101001111111000
0111000110110000100100101
0111000110110110011011101
0111000110111111101111010
0111000111111010000100110
0111001001010010110001100
0111001001011100010000111
0111001001100000110000010
0111001010000011001110011
0111001010111100100100011
0111001011000110101001011
0111001011010000110000111
0111001011111010000110001
0111001100000000110111101
0111001100001000001010011
0111001100001010011001010
0111001100010010000010001
0111001100100001011010000
0111001100100010010100100
0111001100101110101101001
0111001100111011011111001
0111001101101000001001111
0111001101110101110101111
0111001101111101010000001
0111001101111101101111111
0111001110001000111101100
0111001110001001101000000
0111001110001001111111101
0111001111001000111111010
0111001111001110101111000
0111001111010101010000011
0111001111010111101010100
0111001111101011000011010
0111010000011001011100111
0111010001000001111000111
0111010001001001101000100
0111010001011111011011010
0111010001100010000110001
0111010001100010010100011
0111010001100110010011111
0111010001101111001110110
0111010001110001000010111
0111010010000111110001110
0111010010000111110011010
0111010010010111111010011
0111010010011111011100101
0111010010110011010010100
0111010010111110010111000
0111010100000011111011001
0111010100010011110011111
0111010100100101111111000
0111010100101100010010110
0111010100111001011100110
0111010100111111100000111
0111010101010110101100111
0111010101100111110010011
0111010101111010101011110
0111010110001000000100101
0111010110011010000110011
0111010110011111111111000
0111010110100011011001100
0111010111001001010000101
0111010111100000111111010
0111011000000000000111011
0111011000100110110100000
0111011000111000010101100
0111011001000110100100100
0111011001101111011000100
0111011001110010001001100
0111011010000111001100010
0111011010001000110101101
0111011010100010100010101
0111011010100011011110100
0111011010101011001110101
0111011010110001111010100
0111011010111000011010111
0111011011110111110000001
0111011011111010101101110
0111011100010001110011101
0111011100010100010111000
0111011101010001111011110
0111011101011101010000110
0111011101100100010010011
0111011110000101101001101
0111011110001100111010101
0111011110010101110001111
0111011110101010101010101
0111011110111011101000010
0111011111001011110111010
0111011111110110001101010
0111011111111011011111000
0111100000111000110001110
0111100001010000100001011
0111100001100011110001111
0111100001101110100101010
0111100010001001000101101
0111100010010111101011010
0111100010011001010101110
0111100011011001000100111
0111100011111101010000100
0111100100001001011100100
0111100100001001100011101
0111100100011010101110010
0111100100101111100000011
0111100100111100001001111
0111100101000110000000010
0111100101101101001111011
0111100110000011110101111
0111100110010000000101010
0111100110010010010100110
0111100110010100010011010
0111100110010111011110101
0111100110100101110111101
0111100110100110000101011
0111100111000100110001000
0111100111001010010010011
0111100111001011100111000
0111100111001111011010010
0111100111010001110100001
0111100111010011011011011
0111100111011001000010000
0111100111110000100001011
0111100111110101100001100
0111101000000101011010011
0111101000001101111010010
0111101000100000111111000
0111101001000000010010001
0111101001101101011001111
0111101010001111010011011
0111101010101000011010101
0111101010111100010010110
0111101011000100101011100
0111101011001101100010001
0111101011101100101011111
0111101100001100111101011
0111101100001111010110000
0111101100011100101011010
0111101100101011011110000
0111101100110010110001011
0111101100111011111100011
0111101101010111000010110
0111101101010111010010110
0111101101010111110100011
0111101101100111000001000
0111101110000110001101110
0111101110001011111010011
0111101110011001000110101
0111101110011111110010100
0111101111100110011011000
0111110000001000010100101
0111110000100001101000010
0111110000111100010101100
0111110001001001110011010
0111110001011000111100110
0111110001100000111110100
0111110001110010101011010
0111110010110000000101111
0111110010111111000010110
0111110011000100001010110
0111110011011101000101011
0111110011110111101100011
0111110100001010111011011
0111110110001011111000000
0111110110001101010011111
0111110110010000111100011
0111110110010111010111110
0111110111000011011111000
0111110111010011001111111
0111110111010011010111100
0111110111011100111010110
0111110111011101110000101
0111110111111001101101101
0111110111111111110001101
0111111000000011100100000
0111111000100010001011110
0111111001010100110001111
0111111001011110000010111
0111111001100110011001101
0111111001111101001100010
0111111010001110111101001
0111111010010110010111000
0111111010011010101010011
0111111010110000110001001
0111111011010101001001101
0111111011111110110011110
0111111100001101010000110
0111111100100101011101100
0111111100110001100110111
0111111100110001110010001
0111111100110100010001101
0111111100110110011111011
0111111101110111011011011
0111111110100001011011001
0111111110100100110100100
0111111111000001101001100
0111111111001100111110100
0111111111001101101010011
0111111111101011000110100
0111111111110000000110000
