100000000110001010110101
100000000110011110011000
100000000111001000101001
100000001110001000111100
100000010011000100001110
100000010100001010110100
100000010101111000101101
100000010111010101110010
100000011011000110100100
100000011111100100110111
100000100000011001011000
100000100110000101111011
100000101100111111110101
100000101101110001110100
100000110000000101101101
100000110001100011111000
100000110011010110001001
100000110011101101011110
100000110011111000111100
100000110101101100000111
100000110111111111010111
100000111010011001110000
100000111010101011101100
100000111011010111101000
100000111101001010010011
100000111101001011111110
100001000000000010000000
100001000101011010010110
100001000110010111111111
100001001110101100011000
100001001111100110010000
100001010000010011101100
100001010000010100111100
100001010101100111100011
100001010111010001111101
100001011010100011111011
100001011100000101100011
100001011100110011110100
100001011111010101111000
100001100000100111001001
100001100101000001001100
100001100101100100101111
100001100110010111101010
100001100110110110111101
100001101000100001001011
100001101100110110010100
100001101100111011111111
100001111010010001111101
100001111010011000001010
100001111101100110001001
100001111110000111000111
100010000000111111111000
100010000010001011101110
100010000010011110110101
100010000110110011101010
100010000111000011000110
100010010000101010101011
100010010100100001010010
100010010100101110110010
100010010101100100011110
100010010111011111111010
100010011000000110011000
100010011000001000011011
100010011100101110011101
100010011110000010110100
100010100001011100000110
100010100111000100100011
100010100111110000011000
100010101001111010000000
100010101010100010101010
100010101100110111100101
100010110001101011100011
100010110011001101000110
100010110100100001110101
100010111100010011110011
100010111110100100100111
100010111111010001110100
100011000110011011101110
100011000111110011001101
100011001001000011101111
100011001001111011111111
100011001100100000011100
100011001110000000000100
100011010010000111101111
100011010010011010101010
100011010110100101011001
100011011001011001101001
100011011011100001000001
100011011011101101001101
100011011100110001110011
100011100000011001100111
100011100000011111100011
100011100001100011101100
100011100011000011100101
100011101101000110111110
100011111000111000111010
100100000010001010110100
100100000010111101111110
100100000101111010100001
100100001001001001000011
100100001001101000111000
100100010011010101001001
100100010101011101010111
100100010111110000101101
100100011011001011101000
100100011101110110000100
100100011101110111110010
100100011110010100110110
100100011111010101011000
100100100011101100010001
100100100110100111011111
100100101011011101101001
100100110001111111000100
100100110010011001000000
100100110011111000100111
100100110111100001000000
100100110111110011111111
100100111000001100101001
100100111010111111100011
100100111011111111001110
100100111100110000101110
100100111101101001111001
100101000000011000011000
100101000010101010110111
100101000010110000111011
100101000011010011001011
100101000110110010111011
100101000111000100100010
100101001001101110000101
100101001001111000100011
100101001111100110100011
100101010000100111101011
100101010010100110110000
100101010010101001110011
100101010011011000110100
100101010101110011101110
100101011010110001100100
100101011011000110010110
100101011101111001000011
100101011111100100101000
100101011111110001110111
100101100001110101111111
100101100011101001010010
100101100100000110011110
100101100101111100000010
100101100110110011000111
100101101001101100110001
100101101010001101000101
100101101011000000111001
100101101011110110100100
100101101100011010001111
100101101111001001011011
100101110010011101001011
100101111000011110000000
100101111011010000011000
100101111100101111010001
100101111110111011111110
100110000111101101011110
100110001001100010000011
100110001011000111100001
100110001101010101000011
100110001111100001011110
100110010010010101110011
100110010110111010000110
100110011010011101101111
100110011011101100001001
100110011110101001110111
100110100010000010010001
100110100011100011101101
100110100111100001011100
100110100111100110100001
100110101010100001000101
100110101011110010001111
100110101101110101011000
100110110011001101001110
100110110011110011110110
100110110100101101110111
100110110101011000110001
100110111000011011100100
100110111001100011010011
100110111011000111010101
100110111011100010100010
100110111100011111111110
100110111100101111001000
100110111101110101111011
100110111110010001110010
100111000000001111000000
100111000010011011011111
100111000010110111010100
100111000011100000110111
100111000101011010010011
100111000110111110111110
100111001000101010110001
100111001010011111110110
100111001110010001001011
100111010000000001101011
100111010011110000001010
100111011100100001001111
100111011110001111001111
100111011111111111111010
100111100000010011010000
100111100000100110101111
100111100010010000000000
100111100011011011111111
100111100110111110011000
100111101001011110000110
100111101011011101000010
100111101011011110001111
100111101110100110000001
100111110000100011100000
100111110100011100011101
100111110110110111001011
100111110111010000011010
100111111000111010101111
100111111110101111001011
101000000000111011000100
101000000100100110110110
101000001000111100101111
101000001100000101001110
101000001110101111101111
101000010000000001011000
101000010010001111011000
101000010111001101010101
101000011001000100101010
101000011111110110010111
101000100001010101000000
101000100010111101000111
101000100011101110001101
101000100100100001110110
101000100110000100001001
101000100110001100011011
101000100111010110001000
101000101010010000101001
101000110011110010110001
101001000000001001000010
101001000001010101000011
101001000001100000011111
101001000001100011001100
101001000110010001110111
101001000110111110101000
101001001011111111110111
101001001110000111100111
101001001110100010110000
101001010110100000110101
101001010111010010011110
101001011001111111101100
101001011011111110100111
101001011110110011111111
101001011110111110100110
101001011111111101010100
101001100011000100001000
101001100011011101001000
101001101000000011000110
101001101010110111110111
101001101011100001110001
101001110001000010101100
101001110010001010000001
101001110011000110011001
101001110100001011010101
101001110110001000111011
101001111000000010110101
101001111001100010101011
101001111010101011100100
101001111101110111000010
101010000000000010000010
101010000000011000010010
101010000010001000110101
101010000100100101111100
101010000101010100100111
101010000101111100001111
101010001001101100100101
101010001110101001111001
101010001110110111001101
101010010000111110000001
101010010001100010010110
101010010011000100010100
101010010011010111010110
101010011011001100100110
101010011011001101011010
101010100000000101010010
101010100000110101110101
101010100011011110011100
101010100100000000110110
101010100101100111111000
101010101100101000010001
101010110000100011101111
101010110000101001111110
101010110001100001001111
101010110100111100000101
101010110100111111100111
101010110111100101111000
101010111000110110001001
101010111101100101001101
101010111110010100000001
101010111111010111101011
101011000010000110000000
101011000011001001100110
101011000101000001001101
101011000101000100101110
101011001000000000101010
101011001000000100010000
101011001000101001001000
101011001010000100001011
101011001011110010110100
101011001101111111010110
101011001110010011110100
101011010000000010001110
101011010000100111111001
101011010001011001100011
101011010011110010000000
101011010101100001111111
101011010110111000011111
101011010111100000000011
101011011000101001100000
101011100000110101001000
101011100001101111101000
101011100010010000010110
101011100011001101011110
101011100111010100000110
101011101011100000001000
101011101110110101000110
101011110001001101100110
101011110010101111111001
101011110110011000000100
101011110111000110001001
101011111100101101011000
101011111111100101110010
101100000011000101101101
101100000110000001111110
101100010000101111001011
101100010010001111001011
101100010011101011111101
101100010101110010001100
101100011100100101110001
101100011110100011100000
101100100000001101000011
101100100000001101001100
101100100000011101010110
101100100000101111011010
101100100101001101010111
101100100110100000000000
101100100110110111001110
101100100111100101101011
101100101000001001101000
101100101000001111110101
101100101000010011110011
101100101001101111101000
101100101010111010011001
101100101100010111101110
101100110001011111110110
101100110001111110011100
101100110010110110110010
101100110101011100101110
101100110110011111100101
101100110110101000010000
101100111001011011100100
101100111001110011111011
101100111011001101001110
101100111111001000110010
101100111111111111001001
101101000000100000000011
101101000010000101110000
101101000011110100101111
101101000100011101011100
101101000110110110011000
101101010011101001100000
101101010100010000100111
101101010110111101011110
101101011000000111101111
101101011001000010111001
101101011100101001110110
101101100001010010000000
101101100001011100001111
101101100101001000100010
101101100111110101101001
101101101111001000001100
101101101111101011110101
101101110000001111111001
101101110010010010100100
101101111001011111101010
101101111100101101110100
101101111100111000110101
101101111100111010000011
101110000011110011110010
101110000110111011011011
101110001100110110110010
101110001101001011101000
101110010001011101000110
101110100001111001000111
101110100010001010100011
101110100111000111110001
101110101001000111001111
101110101101110110101001
101110101101111001100010
101110101110110000110111
101110110011000110000110
101110110101011001010100
101110111001010110001111
101110111011111001111000
101110111111000101100000
101111000001100100011111
101111000001110101110010
101111000010100001011000
101111000100101010100100
101111001010010101001010
101111001100101100011100
101111001101000001000011
101111010010101001000111
101111010101010110011100
101111011000110101011100
101111100101101111000000
101111101010000000101100
101111101010001111001111
101111110100100100011001
101111111011010001111010
101111111100110100110101
101111111101001101001100
101111111111111010010101
110000000001010011010010
110000000010000010010011
110000000010101110100110
110000000011010111110110
110000001011110010010110
110000001111100101100011
110000001111110010011010
110000010010101000000011
110000010110101001100111
110000011100100111110111
110000100000010001001101
110000100100110000001101
110000100100111011001101
110000101001110001111010
110000110010100000101100
110000110110100010111011
110000111010100010011001
110000111101110110110010
110000111110001110100011
110000111110100010111000
110001000001001111000111
110001000001101010110000
110001000011101101001000
110001001011001101001010
110001001110001111000110
110001001111111100010100
110001010001011110111110
110001010001011111001110
110001010101110001111010
110001010110101001111101
110001010110111010000101
110001011000010000000001
110001011001100100101110
110001011001100100110001
110001011010000001110111
110001011100101101110100
110001011101101111101000
110001011111010010110010
110001100100001101111101
110001100100011000100001
110001101100001011110000
110001110011010110100101
110001110110011101011001
110001110111111101000111
110001111001000111110011
110001111001101010100010
110001111011000110000011
110001111011010010000111
110001111100011111011101
110001111100101000100111
110001111110010100010000
110001111110111010100111
110001111111110011001101
110010000011000010000110
110010000110101001001001
110010001010100010001000
110010001110100010111011
110010010001000101101110
110010010001001100110110
110010010001111011110010
110010010010001011001011
110010010101101111110000
110010010110110010011010
110010011000101101110100
110010011000110001001001
110010011111111001011110
110010100110111101001011
110010100111000110010111
110010100111101111011110
110010101011010111010101
110010101011101000011001
110010101100001110110010
110010110000110010100001
110010110010111101101101
110010110110110011110000
110010110111011111001101
110010111101100001001001
110010111111010110101010
110011001000101100100000
110011001011101100010011
110011001011110101110011
110011010011001000100111
110011010011110110000101
110011010011111101001100
110011010100111011010110
110011011010100101100101
110011011011010010011011
110011011100111010001111
110011011111111000011110
110011101001110010100101
110011101100010100101100
110011101100111000001000
110011110000100101110000
110011110101110111110101
110011111011100000010000
110011111100100001001100
110100000010000000011101
110100000110101101010000
110100001000011101011110
110100001001010000001000
110100001001011010011100
110100001010111001101011
110100001101000111111101
110100001110010100101000
110100010001110100011111
110100010010111001101011
110100010111111011010110
110100011011001001100000
110100011100010011011000
110100100110001110001010
110100101001110100000000
110100101011000010101100
110100101111000100010111
110100110000110110000001
110100110010111100101111
110100110111010010011101
110100110111111110100100
110100111101111001010001
110100111110100011000110
110100111111011011011110
110101000110000000011110
110101000110100000100111
110101000111001011011101
110101001000110110000110
110101001011000101001100
110101001110010111001011
110101001110011101110100
110101001111110111000001
110101010000101000011011
110101010001101001100001
110101010011010111111011
110101010011111010010100
110101010111000101101001
110101011100010001100101
110101100100011011110101
110101100110011110110101
110101101001100101010001
110101101011000010100100
110101101100110011101010
110101101110000000100000
110101101111101111100001
110101110010001000111010
110101110100001010010000
110101110110011111010000
110101111000011011110110
110101111100001101101111
110101111111110010100001
110110000001001100100001
110110000011100100011101
110110000011100100100010
110110000100000111110100
110110000110011001011111
110110000110111110110100
110110001001111111000000
110110001101100000011010
110110010000110011100001
110110010001110110011001
110110010100001100110111
110110010110001001011110
110110010111110010001001
110110011000001001110101
110110011001000011010101
110110011110101010101100
110110011111001110101110
110110011111010111110011
110110100010000010011100
110110100100001100010011
110110100111001000010001
110110101011000100001001
110110110000100010110011
110110110100000000101000
110110110110100000111101
110110110111000011111111
110110111000110110011001
110110111101111011010000
110110111111000000010100
110111000100010001101000
110111000101001110001011
110111000110111110100000
110111001001011011110100
110111001101000111110111
110111001101100011011101
110111010110001101010000
110111011000111111010110
110111011001111001000100
110111100000011100100010
110111100001101010010001
110111100010011110111011
110111100011111011110001
110111100110010111010101
110111100111100011100101
110111101011101101111010
110111101100011110000111
110111101111000011001011
110111110000001101101110
110111110000101100010011
111000000100110101001001
111000001001011010011011
111000001110101001001010
111000010000110110101110
111000010010000111101001
111000010110101000001100
111000011010000110111011
111000011010111101010010
111000011011101100010000
111000100011001101100111
111000100011010111001000
111000100111101101111011
111000100111111000101010
111000101011101011001001
111000101110110100010110
111000110001101000110111
111000110101110110111100
111000110110100001110010
111000110111001001110011
111000111001001011101111
111000111011101001001001
111001000000011111101101
111001000011101010000010
111001001011110101011111
111001010100001110011001
111001010101100011000010
111001010101110011001101
111001011000001011100000
111001011010000110110000
111001011110101001100101
111001100000111101110011
111001100001100101010101
111001100110101001110000
111001100111111000111010
111001101001000010111110
111001101010001101011011
111001110001110111011001
111001110011001000100111
111001110011110100111000
111001110100010000011011
111001110101000111010011
111001111000000111100011
111001111111011001010001
111010000001010101110011
111010000001111000110010
111010000010000110011010
111010001000100100101010
111010001110010100000100
111010001111000011011000
111010010001111101011010
111010010010111110100000
111010010101101001001111
111010011000011110100011
111010011000110000000010
111010011010011001010011
111010011011111101111101
111010011101000001101110
111010011101001110100101
111010011101110111000111
111010011111110111111100
111010100011111111111111
111010100100010010010101
111010100101010110110100
111010100110011001100010
111010101100100000011001
111010101101001101010101
111010101101111111000011
111010110000000001110001
111010110000011011000110
111010110001001111010111
111010110010011110001110
111010110101000110000100
111010110101100001110011
111010110111100111110110
111010111001001001101001
111010111100101001101011
111010111110010100101110
111010111111000000001000
111010111111111111001100
111011000000100011111001
111011000010111111000110
111011000011101110011101
111011000101001001101001
111011000111001001100101
111011000111100111100100
111011001001000000101111
111011001010100010011110
111011001101001001001001
111011001110001001010011
111011010000010010010111
111011010101110010000001
111011011010110110110000
111011011011101000101111
111011011111111001000110
111011100011100000110000
111011100110010100110111
111011110000111101011010
111011110101010100000000
111011111000110101011011
111011111010001010100110
111011111010111011000000
111011111100001100110011
111011111110101110100011
111100000100001101101111
111100000111010111101011
111100000111101111100100
111100001000001001111001
111100001011111100011010
111100001101010111011100
111100001101111010001101
111100001110000001011101
111100001111001100110111
111100010001111110011011
111100010101110010000110
111100011001001101010100
111100011011011100000100
111100100100001101111100
111100100101101100011100
111100100110100101001010
111100101000100111001010
111100101001111000110000
111100101100100011110110
111100101101100100110001
111100101110001001111110
111100110001011101000011
111100110011111010101001
111100110111001111100000
111100111000101101010100
111101000011000011010000
111101000011100100010100
111101001001011010111000
111101001010001101111100
111101001110001100101101
111101010011001100001011
111101010011111111010110
111101011000100101011011
111101011111100010111011
111101100001000111011110
111101100010101001110000
111101100011101100000001
111101100100011100110011
111101101010001011111010
111101101110101001110001
111101101111100100000101
111101110000010011010010
111101110001110011000101
111101110010000010110110
111101110110010101110110
111101111010111101100011
111110000000011110101110
111110000001011011100110
111110000010101100111001
111110000111111010111000
111110001001010110001001
111110001011111111001101
111110001100001000010100
111110001100011010100001
111110001100111100011010
111110010000011111010110
111110010011111100001110
111110010100100011011100
111110010100101011001111
111110010110010001111101
111110011010000011101011
111110011100111001100100
111110100000011000000110
111110100101000110110110
111110101000011000101000
111110101000011001001101
111110101010000101100101
111110101100000011010011
111110110000100101001000
111110110010001101111100
111110110011101011011010
111110110101000011010010
111110110101000111101111
111110111010000111111101
111110111111100011110001
111111000111101010111001
111111000111111001110000
111111001010101011001110
111111001111010111010011
111111001111101010010010
111111010011110000101100
111111010101010110010111
111111011011010010000100
111111011100010100111010
111111011111011001001101
111111100111011001101000
111111101000010110111110
111111101010110000000001
111111101011010010001001
111111101110110011011100
111111110000101010100000
111111110100011101011011
111111110100101100100001
111111110110010000110111
111111111010010100001111
111111111100000011110011
111111111100111000110011
