100000000000100111111011
100000000011100011111100
100000000100111111001011
100000000101001001001110
100000000110010011111100
100000001011001001010110
100000001100110100001100
100000001110000011010111
100000001110001101011010
100000010100100110000100
100000010110101011001110
100000011010001000001111
100000011111100101101101
100000011111111110100110
100000011111111111000011
100000100001101000111110
100000100010100111100100
100000101001110010101111
100000101010100010000100
100000101111000111011111
100000110000101101100101
100000110010110111010000
100000110110111100010000
100000110111110111001110
100000111000100111110011
100000111000110110001101
100000111100010011010011
100000111110111101010000
100000111111010010101011
100000111111101100000001
100000111111111110101010
100001000010100110000111
100001000111011011110000
100001001110011110001111
100001001110100011000010
100001001111110100100010
100001010010111001000011
100001011010101001101101
100001011011001010010100
100001011100100101000100
100001011101000010100000
100001011101011100111000
100001011101100101101001
100001100110010011110111
100001101010110100011110
100001101011100011100001
100001101101000101100000
100001110001011011110011
100001110010110100011110
100001110111110000001110
100001111010001101100110
100001111100110010001101
100001111110011011101011
100010000100101100010011
100010000101111100100100
100010001011110100100110
100010001101110000001101
100010001101111100101100
100010001110101010001001
100010001111000111010111
100010001111001000001101
100010010000000011000100
100010010000001000001001
100010010011011000100001
100010010011111001100111
100010010100010110010010
100010010110001011111000
100010100001000010111000
100010100010000100100010
100010101010011010011110
100010101100000101100010
100010101100001100111010
100010101101111111000110
100010101110110001001111
100010101111110110000101
100010110000001110111101
100010110011111111011101
100010110101001011110100
100010111001101101011100
100010111010000100101111
100010111101100101010101
100010111110001011011100
100010111110001110110010
100010111110100100000011
100010111110111010111011
100010111110111110010101
100010111111110101110001
100011000000001000011110
100011000011011000011111
100011000110001110010100
100011010010000000110011
100011010010010100011010
100011010101000100010001
100011011111011110110001
100011100000001100010101
100011100010110111111000
100011100100001101110001
100011100100010001110011
100011100101110011101100
100011100110001001100000
100011101110001010010100
100011110001101011101111
100011111001111101111101
100011111101110010001000
100100000001111111000011
100100001011111010001010
100100001110000101010101
100100010010000101110001
100100010011000011110101
100100011000011001001011
100100011100111000101000
100100011101111011011111
100100011110100111111111
100100011110101010101110
100100011111101000111000
100100100000101001100111
100100100000110000011000
100100100001000101100111
100100100110000011111101
100100101000001010010011
100100101001011000001011
100100101011001000000110
100100110000111110110111
100100110100000101100110
100100110100000101111110
100100111000001101010110
100100111001101110100110
100101000001111001100000
100101000010001111100111
100101000100000110011011
100101000111111111111110
100101001011110111001110
100101010000101000110101
100101010101110001100000
100101010111111011100111
100101011111000000010100
100101100011001110010110
100101100110001001111000
100101101000000001111001
100101101101111111001001
100101101111100111110110
100101111010010001010111
100101111011001111000111
100101111100010011110101
100110000000100100001100
100110000110110000100100
100110000111000010001010
100110001011001111101111
100110010001010011001010
100110010101010110100111
100110010110111110111001
100110011000111101101101
100110011001011000010011
100110011001111110111001
100110011101110101000001
100110100000110110000101
100110100101100011001111
100110100111100001110011
100110101100111001101101
100110101101100000010001
100110101101110010100010
100110101101111000011001
100110101110100110011110
100110111011000100110100
100110111101111111010101
100111000101110010010111
100111001001000100110110
100111001011010101001000
100111010101010001101110
100111010111101100000000
100111011000001000011110
100111011001010110111110
100111011001100100010010
100111011011011110010000
100111100000011111000100
100111100000101001101111
100111100100011100110011
100111100101000001100101
100111100101000100001011
100111101000101100100010
100111101001101010100100
100111101101111101100110
100111101110010101010001
100111101111101011100100
100111110000111111101110
100111110001011011000011
100111110101001000101100
100111110110111001101000
100111111011010001001000
100111111100000000100001
100111111111010001001001
101000000000101001110011
101000000100001000011101
101000001001010010101000
101000001010110111110101
101000001110110000010111
101000010011011100011001
101000010100001011011000
101000010111110101001001
101000011000010010011111
101000011001110010010011
101000011101110101101111
101000011110001010101110
101000011111110000101011
101000100001110001011010
101000100110111001101101
101000100111001110100010
101000101010110010111010
101000110001111001100100
101000110100101111111000
101000110111100101100001
101000110111110010101101
101000111101101001110001
101001000001010110111001
101001000001101110100000
101001000110111101000000
101001000111011010000011
101001001001100100011110
101001001010010001000110
101001001011010000010001
101001001100110101110100
101001001101010001111010
101001001111111000111000
101001010010110001100110
101001011011111110110100
101001100001100001101100
101001100010001011110000
101001100010010101101001
101001101001000110001000
101001110100101100110010
101001110110000010100101
101001110111001010000111
101001111010000011010000
101010000010000000111010
101010000011100001001101
101010000011111100101000
101010000111000110100010
101010001010001011111100
101010001010110001101010
101010010000010100111100
101010010000101110110100
101010010001001001111101
101010010001011011111111
101010010001101101000110
101010010001110011001000
101010010010000010110100
101010011110001111000100
101010100000101011100100
101010100001100100010010
101010100011001000011100
101010100011011111110000
101010100100010010001011
101010100101001000011111
101010100110011000101011
101010101011111101111110
101010101101010110011010
101010101110000010100010
101010110101100100001011
101010110110100100010011
101010111000000101100011
101010111000011101100110
101010111000101000011100
101010111110100010001011
101010111110100011001110
101011000011111011001111
101011000101010011111011
101011001111011111000011
101011001111110100111011
101011010001111111010111
101011010011010001111000
101011010100111111110001
101011011001011000010110
101011011010100101111000
101011011110001100000111
101011011111011010001000
101011100111010010010000
101011100111101001010101
101011101100000111000001
101011101100100001010000
101011101101110111001000
101011101111001101001100
101011110000001110101010
101011110001100000111001
101011110011011101011111
101011110100000010100000
101011110110101100011010
101011110111010100001100
101011111010100110110000
101011111010101111110110
101011111100100100100101
101011111101100011011001
101100000000010010010001
101100000011110101000011
101100000011111101001000
101100000100101111101100
101100000110010010101000
101100000111000000101001
101100001010100110000110
101100001101011000001000
101100001110000111001010
101100001111011110010001
101100010000001010100100
101100010011101011000100
101100010011110011111101
101100010100111111000100
101100010101011100101001
101100011001001110101000
101100011011111001111010
101100011110101000101010
101100100000100010100001
101100100001001100011010
101100100110001111110000
101100100111110101101010
101100100111111111101110
101100101001000111010010
101100101001111101111100
101100101011011111110001
101100101011100110000000
101100101100110011011101
101100101101101010000000
101100101111001010001101
101100101111010000001000
101100110011101100011001
101100110011101101011001
101100110100100011101000
101100111001001110011011
101100111011001101101011
101100111101110011100110
101100111111111110110000
101101000110000101001010
101101001000111100000101
101101001010111011011010
101101001110101010101000
101101010110110011100011
101101010111000011101001
101101010111101101110001
101101011011000000000100
101101011011110000101110
101101011111110011000110
101101100011010000000011
101101100011101111101101
101101100100101011001100
101101100110101001101111
101101110001000001110011
101101110010010101001100
101101110011011110000110
101101110011101000011100
101101110100100010010111
101101111010011100111110
101101111010101111100001
101101111100100110010110
101101111111010100000010
101110000000001111001101
101110000011101101000001
101110000011111001110000
101110000100010001011001
101110000110110111110010
101110001001011010111001
101110001101001100100001
101110010000011110010110
101110010100001100010001
101110010100001111110101
101110010111100111101101
101110011101110110011010
101110100111010100110010
101110100111111010110111
101110110001011001011000
101110110011010011101111
101110111001011000001100
101110111010011010000000
101110111011001011011010
101110111100000101110001
101110111100100000000111
101110111101111111110100
101110111111100001111011
101110111111110010110111
101110111111111011001010
101111000010001010101000
101111000011100100100101
101111000111111111110000
101111001000110011010010
101111010010111111001110
101111010101001000000101
101111011010011110100001
101111011011011011111000
101111100011101110101011
101111100100111100011111
101111100111110011110010
101111101010011000111000
101111101011101110001101
101111101110011000110011
101111101110100111111101
101111101111011010100101
101111101111110010111100
101111110000101000101000
101111110010111111111111
101111110101000011011011
101111111000110111000101
101111111000111110111000
101111111001110011101001
101111111010010111101000
101111111010101110011001
101111111011100110010001
101111111110000101100000
110000000011001010000000
110000001000100100011111
110000001001101000101100
110000001100111111000001
110000001101001010100100
110000010001101011001101
110000010011001101000001
110000010011010011000011
110000011000000000001110
110000011000010111110111
110000011011001100100100
110000100010001010010111
110000100100111000000100
110000100100111000011000
110000100101100010000111
110000101010000010010100
110000101010000011111010
110000101011011001001101
110000101100000010011011
110000110001101001001100
110000110001110011011111
110000110010011010110000
110000110100001111001010
110000110101111001100111
110000110110001101101101
110000111011000111010101
110000111100001000101110
110001000001011000010011
110001000010010101101011
110001000101111001111001
110001000110110101001101
110001001010010010100001
110001001111001110010101
110001001111010000101101
110001010001100100001111
110001010010000110101011
110001010111001111101010
110001011100100100010110
110001100001010100011110
110001100011010111001101
110001100101001001101000
110001101000010010110110
110001101101110111101111
110001101110011100111010
110001110000111101100110
110001110101111111110100
110001111110001111111101
110010001001111100111101
110010001101110000101111
110010001111001011010100
110010010001010110110111
110010010001101100111011
110010010010001001000111
110010010111010101101111
110010010111101101110101
110010011010001011111011
110010011011001000010011
110010011100101001010000
110010011101110010010111
110010100100100111001110
110010100100101100001001
110010100110111011101001
110010101000001011011001
110010101110011111010100
110010110000101101001010
110010110010100100101001
110010110101101011010101
110010110110011011000100
110010111000011111001000
110010111010001010101110
110010111100111100100111
110010111101001000110000
110010111110001011011010
110010111111001000011000
110010111111010010100011
110011000010000100101001
110011000100000111111100
110011001000000100100000
110011001001110100010100
110011001010011000010111
110011001100110100011011
110011001110011110101100
110011001111011011010001
110011010001010110011001
110011010010010000001101
110011010011110000101110
110011010100000110100011
110011011001011010011001
110011011100100001011010
110011100000101011110110
110011100010010111000011
110011100100000110001010
110011100110011011001011
110011101000010111110011
110011101110000011101011
110011101111111010010000
110011110001001001000001
110011111010001010100100
110011111010010100000010
110011111100010110000101
110011111101001110110000
110011111110010110001001
110100000000000011100011
110100000000001000010111
110100000001110100110001
110100000001110111111001
110100000010110100011110
110100000111010001111010
110100000111111010000110
110100001000110011100000
110100001010010001110000
110100001101011111110000
110100010000011111010111
110100010100111000011100
110100010111101100110101
110100011000010011000111
110100011000010101111101
110100011001111010000100
110100011011000110010101
110100011100111011001100
110100011110001111001101
110100011111110110010110
110100100010010101111101
110100100100011111011101
110100100111011010101010
110100100111011011101100
110100101101101101100110
110100110010110011110111
110100110100111100100101
110100111011001010111010
110100111100100001000011
110100111101101010001100
110100111101110111110100
110100111110001101010000
110101000000011100101011
110101000000101010010011
110101000011100101111011
110101000111100000100001
110101000111111100010000
110101001001000010111101
110101001101011111101001
110101001111000001001011
110101010010110100001001
110101010011000001010011
110101010101111100011010
110101010110010110000001
110101011111110101110100
110101100010101001000100
110101100110011101001110
110101100110111000100111
110101100111001010010010
110101101110011110010110
110101110011001100010011
110101110110001010001101
110101111011001011111000
110101111101000101000100
110110001000000001110111
110110001000101101010010
110110001110101001011100
110110001111110101100111
110110010000100010110011
110110010000110110011101
110110010001110010111011
110110010011011010010110
110110010100001010101111
110110010101111011101110
110110011010010011011111
110110011011010100110101
110110011100111110101011
110110011101000111000011
110110011111001110000100
110110100001001100101010
110110100001101110100101
110110100011110101111111
110110100100011100000101
110110100111010101000000
110110101000001100100110
110110110000011011010001
110110110001010101001001
110110110010100101000110
110111000001101011100101
110111000101001010010100
110111000110101101011000
110111000111111011111101
110111001011000000100111
110111001011001011111110
110111001100101101010010
110111010101010100101010
110111010110010010010110
110111010111011011110111
110111100010100110100001
110111100011101000100110
110111100101001011100001
110111100111000111110001
110111100111111101111101
110111101000111111101011
110111101011100110001100
110111101100010111011011
110111101111100000101100
110111110000111101101101
110111110010101111010001
110111110100101100101101
110111110111000100010000
110111111001110101100100
110111111100010000110110
110111111101000100000100
111000000111011000001000
111000010000001111111110
111000010000010011010010
111000010001110100110101
111000010010110101011111
111000010110001010001011
111000010111110010111110
111000011100110001010000
111000100101001000100000
111000100110010001010100
111000101000100101101000
111000101010100100010111
111000110000000100010010
111000110000000110110111
111000110000001110001111
111000111000010110011001
111000111001110100100101
111000111010000101100110
111000111010101111001100
111001000010001111010101
111001001001001010010100
111001001010110010101000
111001001011110100111001
111001001101100011010010
111001001111110101000111
111001010000011011111011
111001010000101000000010
111001010001000101111110
111001010001001001100000
111001010010010110111011
111001010101101111000110
111001010101111111111110
111001010110010001111111
111001011001010000000010
111001011001101110011110
111001011101010011111000
111001011110011100101100
111001011111111111000001
111001100000010011011000
111001100010001100011111
111001100101000000101110
111001101000100110000100
111001101101100101000101
111001110000110001001110
111001110000110011000111
111001110011001101111001
111001110011110100100011
111001110111000000000110
111001111010000010110111
111001111011001101001100
111010000110111101100010
111010001001000011011101
111010001001001001010011
111010001001011010010101
111010001001111000010111
111010001011001001101100
111010001100111110111111
111010001111001001100010
111010010011011000001110
111010010011101010111110
111010010101000010100100
111010011000100011110011
111010011010000110000101
111010011100010100100010
111010011101011000110101
111010011101101001100010
111010100000110110000001
111010100010111110011100
111010100110010011100010
111010101101001111010111
111010101110001010100001
111010110100111111110011
111010110111100111011101
111010110111101001000111
111010111001101101111010
111010111100110010001101
111011000000111111010011
111011000010000111111000
111011000100110000111010
111011000100110010000110
111011000101011010011000
111011001001001111100011
111011001111010001100110
111011010010111001001111
111011010011100010000110
111011010100100000001100
111011010101100001111010
111011010110100010111100
111011011000100001101000
111011011010010001100100
111011011110110000000001
111011100010111000001111
111011100011110110110110
111011100110000110101010
111011101001100000011101
111011101001111010110000
111011101010001100100110
111011101011101001110010
111011101111011010101111
111011110001010110111100
111011110100111000000001
111011110110111111001100
111011110111010110011101
111011111010000011101000
111011111110100111010000
111100000001100011010110
111100000011001001101110
111100000011111010011111
111100000110001001101010
111100001001001100101111
111100001011110110001001
111100010000100000101100
111100011001011100000001
111100011010010011010100
111100011010111000010101
111100011100001011010111
111100011100010100000011
111100100100110011111100
111100101001001010111001
111100110001100010111011
111100111111111100011011
111101000101011110011011
111101001000101100111010
111101001110011001111111
111101001110100001000011
111101010001001100110001
111101010001011110110010
111101010001110011000000
111101010010100010000011
111101010011011010101000
111101010101001110011000
111101010110101010001101
111101010110101101010110
111101010110110110000111
111101011000010100101101
111101011011001011101011
111101011100101000100101
111101011101101000001001
111101100000000111111110
111101100001000100111011
111101100001000110010011
111101100101111010010100
111101101111000000010000
111101101111100100111000
111101110001010110101110
111101110001101000110010
111101110010101101100010
111101110011011101011111
111101110111010010111011
111101111010010011001100
111101111110010110010111
111101111111010011001011
111110000000010111100001
111110000000011000001011
111110000010110010010101
111110000011010111100101
111110000011111110110101
111110000100100000000001
111110001001111111110001
111110001010100001010100
111110001111101111011100
111110001111111010110101
111110010000110100101110
111110010001001000010011
111110010101100000000011
111110010111010101100011
111110011000100110110110
111110011001000011011000
111110011101011110101101
111110100001010000110111
111110100101011011110000
111110100101110010101010
111110100110001001110001
111110100110011110000111
111110100111101011010111
111110101100110111100001
111110110100011001001100
111110110110000010001110
111110111010010110100100
111110111100000110100111
111110111100000111111000
111110111110010101000010
111111000000001101010000
111111000100010010100100
111111000110110110000100
111111000111011010001000
111111001001000000100110
111111001001101110111100
111111001101100010110101
111111001111000000010011
111111010000100001100110
111111010001011101111001
111111010010100001011000
111111011000010001110101
111111011010001110111000
111111011110001100111010
111111100001110010010101
111111100010101100000110
111111101011110101101110
111111101111111110000011
111111110001111010110101
111111110111101110011010
111111111010010100100000
111111111111100011010111