100000000011011110100011
100000000011111101011100
100000000110011010101010
100000000110011101010111
100000000111010001100010
100000001000000101111000
100000001001110101001001
100000001100101001110111
100000001110001111011011
100000010000110100101011
100000010010000111010010
100000010010100011100001
100000010011010101011011
100000010101000111001001
100000010111110111011111
100000011001101001010110
100000011101110111101000
100000100011111100101001
100000100110010010011111
100000101110000110010100
100000110011011110010011
100000110100011011100101
100000111011100000100111
100000111011111000010111
100000111100101100111100
100001000010000100011110
100001001001111110110001
100001001100100010101011
100001001101011010011011
100001001110001011101111
100001010000111110100001
100001010010111000001111
100001010101100111111100
100001010111011001100101
100001100011011010011111
100001101001011101011111
100001101010001010110010
100001101100010100110111
100001101101100000000011
100001110001010010011010
100001110011100001100011
100001110011100111101100
100001110110111101010010
100001111001110100001001
100010000001011000000110
100010000001100110001000
100010000110100100111100
100010001011110011010001
100010001100111100100101
100010010000000101101011
100010010000010110011111
100010010101001010000101
100010010110001011010111
100010011001000111001010
100010011101010001101110
100010011101011110011001
100010100011101010110011
100010100111001111111100
100010101010001111010100
100010110011001000001110
100010110011011001001010
100010110101010000100000
100010110101101101101001
100010111001101100000100
100010111011010000101111
100011000001000101111100
100011000100100100100001
100011000101110001010111
100011001010111110001110
100011001111011001011000
100011010001100001101011
100011010001101001111001
100011010010110100011111
100011011110010100000100
100011100011000010100100
100011100110011100011011
100011101101111110011100
100011110001011110101101
100011110100100101001011
100011110110011111010011
100011111100000011110101
100011111100011001010010
100100000000101001111100
100100000001011001110100
100100000011000101011110
100100000110101001111001
100100000111101111101111
100100001001010010000110
100100001101010010110010
100100001101110011110110
100100001110000110100111
100100010111011100111110
100100011001110010101010
100100011010110100010111
100100011010110100011110
100100011100000000101000
100100011100100001001011
100100011100100100001010
100100011110010101110010
100100100001011001001111
100100100001110101000010
100100100101011100010100
100100100111100100101101
100100101011011001100011
100100101100100100011101
100100101100110101100010
100100110001000110111111
100100110100101101010101
100100111000110010110101
100100111000111100110111
100100111001001010110101
100100111011011100011010
100100111011110010111001
100100111101111111111100
100100111110101011011100
100100111111001101111111
100101000001011011101001
100101001100000001111100
100101001111110001001000
100101010010101100011001
100101010011010001001111
100101010101100000011110
100101011000000010101100
100101011010100010011110
100101011101101010010100
100101100001000010100001
100101100010100011001101
100101100101100111000110
100101101111110100111111
100101110000011011000000
100101110011001110001001
100101110111011000010011
100101111011100011011001
100101111100001111011001
100101111110000111100001
100101111110001100110110
100110000000110111011011
100110000110010110011000
100110000111011111000111
100110001010000011001001
100110001100001011000010
100110010000011111110101
100110010100010101000101
100110010100101011110001
100110010100101111110110
100110010110110000010011
100110010111111001111111
100110100000000110001011
100110100000001001110001
100110100111110111111110
100110101010110110110000
100110101011100010100101
100110101011100011001010
100110101110000101100011
100110101111001111001100
100110110000011100001000
100110110001101010110101
100110110011101101110000
100110110100110101000111
100110110110010000010010
100110110111100111101100
100110110111110010110100
100110111000110101111000
100110111001100010011100
100110111010011000011000
100110111110000000011010
100111000010010010011101
100111000010010101001000
100111000011001111111010
100111000100110111010111
100111000101001000101010
100111000110101111100110
100111000111001000101111
100111001110100110001101
100111001111001001111001
100111001111100010111001
100111001111100010111110
100111001111101000101011
100111010001010100101111
100111010010101001111101
100111010011100100011111
100111010101000110001011
100111010101011111101010
100111010110100111101111
100111010111000011101110
100111011000100010101000
100111011010001000001010
100111011011010001101010
100111011101001110010111
100111011110000011110010
100111011110110000011100
100111011111101100001010
100111100101110001011000
100111100111110110111011
100111101000100000010110
100111101010011010111001
100111101011111010110001
100111110010111000101111
100111110111001111111100
100111111001101010100110
100111111110110001101000
101000000000111010111011
101000000001110001001100
101000000010110100010000
101000000011010010001000
101000000100000010101001
101000000100100101011000
101000001000100010010011
101000001000100101001011
101000001000111111001101
101000001001111100100011
101000001111100011100100
101000010011101000000010
101000010110001111110010
101000011001111011010101
101000011101010001101001
101000100000000110111100
101000101000100001111111
101000101111010001000110
101000110010011010010100
101000110100100011010001
101000110101001011010100
101000110111100000001110
101000111000101100010100
101000111010111011100110
101000111101001100100101
101000111110010100101011
101000111111010011101101
101001000010011111101111
101001000010100011100111
101001000011000011000000
101001000101100110100111
101001001111010110011101
101001001111110000111011
101001010000011010100100
101001010000101001100001
101001010111011001011100
101001011011100011000010
101001011111000010101111
101001100000111011001100
101001100111010100000011
101001101001001101100000
101001101010100011000101
101001101111001100110011
101001110001100001110010
101001110010011110001001
101001110010110010001001
101001110100000101001001
101001111000110000100010
101001111001000110001111
101001111010111010100111
101001111101010010101010
101001111101110010010000
101001111111100010011011
101001111111100100111110
101010000011100100110011
101010000100000110111011
101010001010010010111111
101010001011010000001110
101010001100110100110001
101010001111011011000010
101010010111011101010110
101010010111100001000001
101010011110001000101100
101010100000110011101110
101010100001100011101000
101010100011100011110011
101010101001011110001011
101010101010111101111100
101010101110011101001001
101010110010110100010001
101010111100111011110011
101011000001100111110011
101011000010000111111011
101011000110011110001111
101011001100000000100111
101011001100010110000010
101011001111001110111000
101011010000100011111111
101011010100110001100101
101011010100110001100111
101011010111101000000110
101011011000101110100010
101011011011100101111000
101011011111100101110001
101011011111110110010100
101011011111110111111101
101011100100111101100100
101011101101000010001100
101011110001000010010000
101011110100110100010000
101011110100111000001010
101011110101110111010000
101011111111111001000011
101100000100010001101101
101100001001101110101101
101100001010001001010100
101100001011001000111011
101100001011010010010100
101100001110100111001100
101100010000110011010001
101100010000110110011100
101100010010010001111010
101100010011111010101010
101100010100100010001101
101100011000000010100001
101100011010100111010000
101100011100000110111101
101100011100101111000110
101100011110011010000110
101100100011110001101100
101100101011010010100110
101100101101111101111000
101100101111001000110111
101100101111010001000100
101100101111101101010110
101100110010101110011110
101100110101110110011011
101100111000110100111011
101100111010100100100011
101100111101100110100011
101100111101110100101000
101100111110101111100000
101101000000000001000001
101101000001100110101101
101101000010001101101001
101101000010001111000000
101101000011100001111010
101101000101010100000101
101101000111110111011100
101101001010010011110000
101101001011001001001011
101101001100011000111001
101101001101000100110111
101101001101100101010110
101101001110101111011100
101101010001000000111101
101101010111011101111011
101101010111011111000001
101101010111100100111001
101101011010011110000010
101101011110000001100100
101101101000011011101111
101101101011000110111110
101101101110011011111100
101101101111000011001001
101101110010011101010000
101101110100100011011011
101101111110001011001000
101101111111100100110100
101110000001110111111000
101110000101111101000110
101110000111001111000000
101110001011001101000110
101110001101011101010011
101110001111000110010100
101110010011010010110100
101110010011010101101011
101110010101101000111000
101110010110111111011001
101110010111011110011100
101110010111110001010000
101110011100111001100011
101110011101011100100110
101110100011100100101011
101110100110100010001100
101110101000100101011001
101110101001010100010001
101110110001101010111101
101110110010100100001101
101110110101011010001100
101110111000011101000001
101110111001111111000010
101110111010110111111011
101110111011110010011011
101110111111100000110010
101111000001110101110001
101111000010000011011000
101111000100100001010011
101111000111100101010110
101111001000100101011101
101111001000110101010001
101111001010001011110100
101111001010110100010001
101111010000001011111010
101111010100110111100010
101111010101001111011011
101111011100000000001001
101111011101000011010010
101111011101001100110110
101111011101101100111000
101111011111000111101101
101111100011011110101010
101111100110010110010111
101111100110101100001111
101111100110101100011000
101111100111010010111111
101111101000010001000110
101111110000000011111010
101111110000001110110001
101111110001010110110000
101111110011100101011000
101111110011110100100111
101111110101010011000000
101111110110001100000100
101111111001011011100110
101111111010101001100111
101111111101011100111110
101111111110000101011111
110000000001001100100010
110000000001011110001011
110000000011110100001111
110000001010000011011011
110000001100001110111000
110000001110010111100110
110000001110011111000100
110000001110101101010101
110000001111100110011010
110000010010100110100101
110000010100101001000010
110000010100111000110011
110000011000001110111010
110000011001101111111011
110000011011011011100001
110000011100000110010111
110000011110010000100011
110000100111101010000111
110000100111110100111001
110000100111111100110000
110000101001001011011110
110000101111111011010101
110000110000111001110011
110000110001101110010000
110000110010010001000001
110000110110010010000110
110000111000010110011010
110000111001010101111001
110000111001111000110100
110000111010101010010011
110000111101101100000001
110000111110101011010000
110001000010010011000011
110001001000100001111001
110001001001110111010111
110001001010000001011011
110001001100101111000000
110001001101010110101101
110001001110011000001010
110001001111001101101000
110001010011100011101101
110001010101110011110011
110001010110010000001000
110001010111000011010010
110001011001011010010110
110001011011010110111001
110001011110111010101110
110001011111001001000001
110001011111101001111110
110001011111101101101101
110001100000000111010011
110001100001001000101110
110001100001001100101010
110001100100011100001110
110001100100011100100111
110001100101001110100011
110001100111000000101110
110001101001110111111011
110001101011010100111111
110001101011011010011100
110001101100110010100111
110001101101000111111110
110001101101110100110111
110001101111101000110110
110001110000111011001110
110001110000111111110100
110001110001100100111101
110001110010110111100010
110001110011010011001011
110001110100110110101110
110001111000000011101110
110001111000010010001111
110001111101101110111101
110010000101110110100000
110010000111011000010111
110010001000100000111010
110010001000110010101101
110010001111001001111101
110010010010111011010000
110010010011000000010101
110010010111011010001110
110010010111101001000010
110010011011101001011111
110010011110110000111100
110010100000001111010101
110010100000100100111111
110010100010110100100110
110010100100101000010011
110010100101101111010111
110010100110000110110010
110010101101011011110000
110010101101101111110101
110010101110111011010111
110010110001000011111110
110010110010101011001100
110010110101011011010001
110010110110001001011000
110010111000100111001010
110010111111101101001111
110011001001111100011111
110011001100101110011100
110011001101011001111101
110011001111100101001010
110011010010110000110111
110011010100011110000110
110011010110010010100010
110011011000011010000001
110011011011010110010001
110011011110000111010111
110011100010111110001010
110011100100000100010101
110011100101000100110100
110011100111001100111101
110011100111101110110101
110011101011001110100101
110011110000011110010011
110011110001000011100010
110011110010010101001110
110011110011101001001101
110011110011110100110101
110011111001101111100110
110100000010101110110110
110100000011100100000101
110100000100011110110010
110100000101010011011111
110100000110000010010111
110100000111001100110100
110100001110011111100000
110100011001100101000110
110100011010110001000001
110100011011010100111100
110100011111101000101101
110100100110110011011101
110100101000000100000101
110100101001010101000001
110100101110011111101011
110100101111010101110111
110100110000010000001101
110100110000100010000100
110100110001011111001011
110100110011011010001010
110100110011100001011110
110100110101000100100011
110100110110101010110011
110100111100010000001001
110100111101111101101001
110100111110111000111011
110100111110111100111001
110101000000010110100110
110101000000011011111010
110101000000011110110111
110101001000010110110100
110101001001000100110010
110101001001111000111101
110101001010001100001110
110101001100100111010100
110101010010011010100001
110101010111011110000001
110101011000011011111110
110101011011001010010100
110101011011011111101011
110101011011100001011101
110101011100000001011001
110101011101001000110000
110101011101010111010001
110101100000001101001000
110101100000001101010100
110101100010001110001101
110101100011001010011111
110101100101101001001110
110101100111000001110010
110101101111101110010011
110101110001101101011001
110101110011111110110010
110101110100110001010000
110101110110011010100000
110101110111001011000001
110101111010000100100001
110101111100001101001101
110101111110100100011000
110110000000001111011111
110110000010011111101101
110110000011001110110010
110110000011101010000110
110110001000011000111111
110110001011010110110100
110110001111001111110101
110110010100000101011010
110110010110010001100110
110110011000000011011110
110110011101001001111110
110110011101100000000110
110110100000001000011100
110110100000010101100111
110110100011100011001111
110110100011101010101110
110110100100101000101111
110110100101011110001110
110110100110010010010001
110110101110001100111011
110110101110100100101000
110110110001011101010111
110110110001110001110010
110110111001011110011000
110110111010111001000000
110110111011110001001101
110110111111111100000111
110111000000110110001111
110111000001111101001001
110111000100100100001111
110111000110101011111100
110111001000101101110100
110111001110000000100100
110111001110101010110010
110111010110010101001000
110111011001010011000101
110111011011101101001001
110111011101000011100100
110111100000010111100111
110111100010001100010100
110111100010011001101000
110111101010010111100001
110111101110111000111110
110111110000011010011110
110111110000011011010111
110111110010100100101100
110111110101001010111101
110111110110110000001001
110111110111111110111100
110111111100111000110101
110111111111101101101001
111000000001001111100100
111000000001100001100000
111000000001110001010100
111000000010001010101111
111000000011111101110111
111000000011111111100101
111000000111110101000010
111000001000100001001101
111000001000101011110010
111000001001001010001100
111000001001011101011011
111000001001101010010101
111000001010010111001010
111000001101010011000101
111000001101111011000110
111000001111111010001101
111000010000111110001100
111000010011010110110010
111000010111010001001011
111000011100111010001001
111000100001001001010101
111000100100010010001111
111000100110110001010000
111000100111110100010110
111000101000111011001011
111000101100110100011001
111000110000110110100101
111000110001001001101010
111000110010110100010100
111000110100101010101010
111000110101100101000101
111000110110101110011101
111000111010000111010000
111000111010001001010000
111000111010001101011101
111000111100000111000010
111001000000000000101000
111001000000101110001101
111001000010010111101111
111001000011001101001110
111001001100000010010010
111001010000010001011111
111001010011011011111100
111001010110110001100110
111001011000011101010100
111001011010010110100000
111001011011010110101110
111001011101100100010100
111001100101001111101001
111001100111000111010000
111001100111110000010000
111001101010110111100101
111001101110001100011101
111001110000100110010101
111010000000101101111010
111010000000111001011001
111010000001010110011101
111010000010001001111000
111010000111101010110010
111010001001101000111001
111010001001101001110110
111010001010110110010000
111010001010111100111111
111010001110011100100111
111010001111001101000111
111010001111101011011010
111010010011100000011000
111010011001110101001001
111010011010111111010001
111010011100000010000111
111010011110111000011100
111010100001000110100011
111010100010000001110010
111010100010100100001101
111010100101010101000011
111010101001111000000111
111010101111000101011000
111010110000111001000000
111010110011111010100110
111010110101011011110001
111010110101011101001011
111010110101110001000111
111010110110000010110101
111010111110001010010101
111011000011011010010011
111011000011110101011110
111011000111011100000110
111011001000110110101110
111011001000111100001101
111011001100100111101110
111011001101001111101010
111011010000001011101011
111011010001100110111010
111011010001110000111101
111011010010111011101011
111011010111110001000101
111011011001011011111011
111011011010101011000110
111011011010110101001001
111011100001001101110011
111011100011010010111101
111011100110101111111110
111011101100001101011100
111011101100100110010101
111011101100100110110010
111011101110010000101101
111011101111001111010011
111011110110011010011110
111011110111001001110011
111011111011101111001110
111011111101010101010100
111011111111011110111111
111100000011100011111111
111100000100011110111101
111100000101001111100010
111100000101011101111100
111100001000111011000010
111100001011100100111111
111100001011111010011010
111100001100010011110000
111100001100100110011001
111100001111001101110110
111100010100000011011111
111100011011000101111110
111100011011001010110001
111100011100011100010001
111100011111100000110010
111100100111010001011100
111100100111110010000011
111100101001001100110011
111100101001101010001111
111100101010000100100111
111100101010001101011000
111100110010111011100110
111100110111011100001101
111100111000001011010000
111100111001101101001111
111100111110000011100010
111100111111011100001101
111101000100010111111101
111101000110110101010101
111101001001011001111100
111101001011000011011010
111101010001010100000010
111101010010100100010011
111101011000011100010101
111101011010010111111100
111101011010100100011011
111101011011010001111000
111101011011101111000110
111101011011101111111100
111101011100101010110011
111101011100101111111000
111101100000000000010000
111101100000100001010110
111101100000111110000001
111101100010110011100111
111101101101101010100111
111101101110101100010001
111101110111000010001101
111101111000101101010001
111101111000110100101001
111101111010100110110101
111101111011011000111110
111101111100011101110100
111101111100110110101100
111110000000100111001100
111110000001110011100011
111110000110010101001011
111110000110101100011110
111110001010001101000100
111110001010110011001011
111110001010110110100001
111110001011001011110010
111110001011100010101010
111110001011100110000100
111110001100011101100000
111110001100110000001101
111110010000000000001110
111110010010110110000011
111110011110101000100010
111110011110111100001001
111110100001101100000000
111110101100000110100000
111110101100110100000100
111110101111011111100111
111110110000110101100000
111110110000111001100010
111110110010011011011011
111110110010110001001111
111110111010110010000011
111110111110010011011110
111111000110100101101100
111111001010011001110111
111111001110100110110010
111111011000100001111001
111111011010101101000100
111111011110101101100000
111111011111101011100100
111111100101000000111010
111111101001100000010111
111111101010100011001110
111111101011001111101110
111111101011010010011101
111111101100010000100111
111111101101010001010110
111111101101011000000111
111111101101101101010110
111111110010101011101100
111111110100110010000010
111111110101111111111010
111111110111101111110101
111111111101100110100110