100000000001111111001000
100000000010010001100111
100000000010100101111001
100000000100000001010100
100000000100000001110110
100000000111000100011001
100000001000101111011100
100000001100011110100101
100000010000010000110010
100000010001001110100101
100000010100010101101110
100000010101100010101100
100000100001110100100100
100000100101001001010011
100000101000011010011000
100000101101010010011101
100000110101110010010001
100000111000010001011010
100000111011010000010101
100000111101000000110111
100000111101110111100101
100001000011100011101110
100001000110010010100100
100001001010110010011010
100001001011010100010010
100001001101100110011011
100001010010111001110100
100001010111000111010110
100001011111100000011111
100001100001100101011001
100001100100010001100011
100001101001110101111111
100001101010010001111011
100001101101110110010011
100001111010000010000110
100001111010110100011100
100010000000100101000000
100010000100101001000001
100010000111100100111110
100010001011100000111110
100010010000100101000010
100010010001110100010101
100010010010010101101011
100010010110111000000001
100010011010000001101100
100010011010111000101111
100010011011011111100011
100010011100000101111110
100010011101100001100001
100010100000101011000011
100010100001011101110101
100010100010101100100001
100010100010111110111100
100010100011000000011111
100010100011011110110001
100010100110010000011110
100010100110111001101000
100010110000000010010000
100010110001111110101111
100010110111000100001110
100010111110010010110011
100010111111001110011011
100011000100011001101101
100011000110110001011110
100011001000010110100100
100011001001100011010010
100011001011101010110010
100011001100111101110011
100011001101111100000000
100011001111000110010101
100011001111001010100001
100011010011111001001001
100011010100001100101110
100011010100111110110110
100011010101001100011001
100011010110100110000100
100011010111010100111001
100011011010011000011100
100011100011100110111100
100011100100100101110000
100011100101100001111000
100011100110111001100111
100011110000100001110011
100011110010010111011111
100011110011100010100011
100011110011100100001110
100011111000111101101011
100011111100111111001000
100011111101111010101110
100100000000110100010011
100100000011001101000000
100100000101110001011011
100100001010000000100111
100100001110010001111111
100100001110101011111100
100100001111100110100111
100100010000001101110100
100100010000011001101101
100100010001110001100010
100100010010010011110101
100100010010101001110111
100100010011111111011001
100100010100101011101011
100100010101000001101110
100100010110000011010100
100100011001110110100111
100100100111101111000011
100100101100000000100100
100100101110101111010010
100100101111011110111011
100100110001011110110110
100100110011111010110011
100100110111011110000100
100100110111111100111101
100100111010011010001011
100100111010011100111000
100100111011010001000011
100100111100000101011001
100100111101110100101010
100101000000101001011000
100101000010001110111100
100101000100110100001100
100101000110000110110011
100101000110100011000010
100101000111010100111100
100101001001000110101010
100101001011110111000000
100101001101101000110111
100101010001110111001001
100101010111111100001010
100101011010010010000000
100101100010000101110101
100101100111011101110100
100101101000011011000110
100101101111100000001000
100101101111110111111000
100101110000101100011101
100101110110000011111111
100101111101111110010010
100110000000100010001100
100110000001011001111100
100110000010001011010000
100110000100111110000010
100110000110110111110000
100110001001100111011101
100110001011011001000110
100110010111011010000000
100110011101011101000000
100110011110001010010011
100110100000010100011000
100110100001011111100100
100110100101010001111011
100110100111100001000100
100110100111100111001101
100110101010111100110011
100110101101110011101010
100110110101010111100111
100110110101100101101001
100110111010100100011101
100110111111110010110010
100111000000111100000110
100111000100000101001100
100111000100010110000000
100111001001001001100110
100111001010001010111000
100111001101000110101011
100111010001010001001111
100111010001011101111010
100111010111101010010100
100111011011001111011101
100111011110001110110101
100111100111000111101111
100111100111011000101011
100111101001010000000001
100111101001101101001010
100111101101101011100101
100111101111010000010000
100111110101000101011101
100111111000100100000010
100111111001110000111000
100111111110111101101111
101000000011011000111001
101000000101100001001100
101000000101101001011010
101000000110110100000000
101000010010010011100101
101000010111000010000101
101000011010011011111100
101000100001111101111101
101000100101011110001110
101000101000100100101100
101000101010011110110100
101000110000000011010110
101000110000011000110011
101000110100101001011101
101000110101011001010101
101000110111000100111111
101000111010101001011010
101000111011101111010000
101000111101010001100111
101001000001010010010011
101001000001110011010111
101001000010000110001000
101001001011011100011111
101001001101110010001011
101001001110110011111000
101001001110110011111111
101001010000000000001001
101001010000100000101100
101001010000100011101011
101001010010010101010011
101001010101011000110000
101001010101110100100011
101001011001011011110101
101001011011100100001110
101001011111011001000100
101001100000100011111110
101001100000110101000011
101001100101000110100000
101001101000101100110110
101001101100110010010110
101001101100111100011000
101001101101001010010110
101001101111011011111011
101001101111110010011010
101001110001111111011101
101001110010101010111101
101001110011001101100000
101001110101011011001010
101010000000000001011101
101010000011110000101001
101010000110101011111010
101010000111010000110000
101010001001011111111111
101010001100000010001101
101010001110100001111111
101010010001101001110101
101010010101000010000010
101010010110100010101110
101010011001100110100111
101010100011110100100000
101010100100011010100001
101010100111001101101010
101010101011010111110100
101010101111100010111010
101010110000001110111010
101010110010000111000010
101010110010001100010111
101010110100110110111100
101010111010010101111001
101010111011011110101000
101010111110000010101010
101011000000001010100011
101011000100011111010110
101011001000010100100110
101011001000101011010010
101011001000101111010111
101011001010101111110100
101011001011111001100000
101011010100000101101100
101011010100001001010010
101011011011110111011111
101011011110110110010001
101011011111100010000110
101011011111100010101011
101011100010000101000100
101011100011001110101101
101011100100011011101001
101011100101101010010110
101011100111101101010001
101011101000110100101000
101011101010001111110011
101011101011100111001101
101011101011110010010101
101011101100110101011001
101011101101100001111101
101011101110010111111001
101011110001111111111011
101011110110010001111110
101011110110010100101001
101011110111001111011011
101011111000110110111000
101011111001001000001011
101011111010101111000111
101011111011001000010000
101100000010100101101110
101100000011001001011010
101100000011100010011010
101100000011100010011111
101100000011101000001100
101100000101010100010000
101100000110101001011110
101100000111100100000000
101100001001000101101100
101100001001011111001011
101100001010100111010000
101100001011000011001111
101100001100100010001001
101100001110000111101011
101100001111010001001011
101100010001001101111000
101100010010000011010011
101100010010101111111101
101100010011101011101011
101100011001110000111001
101100011011110110011100
101100011100011111110111
101100011110011010011010
101100011111111010010010
101100100110111000010000
101100101011001111011101
101100101101101010000111
101100110010110001001001
101100110100111010011100
101100110101110000101101
101100110110110011110001
101100110111010001101001
101100111000000010001010
101100111000100100111001
101100111100100001110100
101100111100100100101100
101100111100111110101110
101100111101111100000100
101101000011100011000101
101101000111100111100011
101101001010001111010011
101101001101111010110110
101101010001010001001010
101101010100000110011101
101101011100100001100000
101101100011010000100111
101101100110011001110101
101101101000100010110010
101101101001001010110101
101101101011011111101111
101101101100101011110101
101101101110111011000111
101101110001001100000110
101101110010010100001100
101101110011010011001110
101101110110011111010000
101101110110100011001000
101101110111000010100001
101101111001100110001000
101110000011010101111110
101110000011110000011100
101110000100011010000101
101110000100101001000010
101110001011011000111101
101110001111100010100011
101110010011000010010000
101110010100111010101101
101110011011010011100100
101110011101001101000001
101110011110100010100110
101110100011001100010100
101110100101100001010011
101110100110011101101010
101110100110110001101010
101110101000000100101010
101110101100110000000011
101110101101000101110000
101110101110111010001000
101110110001010010001011
101110110001110001110001
101110110011100001111100
101110110011100100011111
101110110111100100010100
101110111000000110011100
101110111110010010100000
101110111111001111101111
101111000000110100010010
101111000011011010100011
101111001011011100110111
101111001011100000100010
101111010010001000001101
101111010100110011001111
101111010101100011001001
101111010111100011010100
101111011101011101101100
101111011110111101011101
101111100010011100101010
101111100110110011110010
101111110000111011010100
101111110101100111010100
101111110110000111011100
101111111010011101110000
110000000000000000001000
110000000000010101100011
110000000011001110011001
110000000100100011100000
110000001000110001000110
110000001000110001001000
110000001011100111100111
110000001100101110000011
110000001111100101011001
110000010011100101010010
110000010011110101110101
110000010011110111011110
110000011000111101000101
110000100001000001101101
110000100101000001110001
110000101000110011110001
110000101000110111101011
110000101001110110110001
110000110011111000100100
110000111000010001001110
110000111101101110001110
110000111110001000110101
110000111111001000011100
110000111111010001110101
110001000010100110101101
110001000100110010110010
110001000100110101111101
110001000110010001011011
110001000111111010001011
110001001000100001101110
110001001100000010000010
110001001110100110110001
110001010000000110011110
110001010000101110100111
110001010010011001100111
110001010111110001001101
110001011111010010000111
110001100001111101011001
110001100011001000011000
110001100011010000100101
110001100011101100110111
110001100110101101111111
110001101001110101111100
110001101100110100011100
110001101110100100000100
110001110001100110000100
110001110001110100001001
110001110010101111000001
110001110100000000100010
110001110101100110001110
110001110110001101001010
110001110110001110100001
110001110111100001011011
110001111001010011100110
110001111011110110111101
110001111110010011010001
110001111111001000101100
110010000000011000011010
110010000001000100011000
110010000001100100110111
110010000010101110111101
110010000101000000011110
110010001011011101011100
110010001011011110100010
110010001011100100011010
110010001110011101100011
110010010010000001000101
110010011100011011010000
110010011111000110011111
110010100010011011011101
110010100011000010101010
110010100110011100110001
110010101000100010111100
110010110010001010101001
110010110011100100010101
110010110101110111011001
110010111001111100100111
110010111011001110100001
110010111111001100100111
110011000001011100110100
110011000011000101110101
110011000111010010010101
110011000111010101001100
110011001001101000011001
110011001010111110111010
110011001011011101111101
110011001011110000110001
110011010000111001000100
110011010001011100000111
110011010111100100001100
110011011010100001101101
110011011100100100111010
110011011101010011110010
110011100101101010011110
110011100110100011101110
110011101001011001101101
110011101100011100100010
110011101101111110100011
110011101110110111011100
110011101111110001111100
110011110011100000010011
110011110101110101010010
110011110110000010111001
110011111000100000110100
110011111011100100110111
110011111100100100111110
110011111100110100110010
110011111110001011010101
110011111110110011110010
110100000100001011011011
110100001000110111000011
110100001001001110111100
110100001111111111101010
110100010001000010110011
110100010001001100010111
110100010001101100011001
110100010011000111001110
110100010111011110001011
110100011010010101111000
110100011010101011110000
110100011010101011111001
110100011011010010100000
110100011100010000100111
110100100100000011011011
110100100100001110010010
110100100101010110010001
110100100111100100111001
110100100111110100001000
110100101001010010100001
110100101010001011100101
110100101101011011000111
110100101110101001001000
110100110001011100011111
110100110010000101000000
110100110101001100000011
110100110101011101101100
110100110111110011110000
110100111110000010111100
110101000000001110011001
110101000010010111000111
110101000010011110100101
110101000010101100110110
110101000011100101111011
110101000110100110000110
110101001000101000100011
110101001000111000010100
110101001100001110011011
110101001101101111011100
110101001111011011000010
110101010000000101111000
110101010010010000000100
110101011011101001101000
110101011011110100011010
110101011011111100010001
110101011101001010111111
110101100011111010110110
110101100100111001010100
110101100101101101110001
110101100110010000100010
110101101010010001100111
110101101100010101111011
110101101101010101011010
110101101101111000010101
110101101110101001110100
110101110001101011100010
110101110010101010110001
110101110110010010100100
110101111100100001011010
110101111101110110111000
110101111110000000111100
110110000000101110100001
110110000001010110001110
110110000010010111101011
110110000011001101001001
110110000111100011001110
110110001001110011010100
110110001010001111101001
110110001011000010110011
110110001101011001110111
110110001111010110011010
110110010010111010001111
110110010011001000100010
110110010011101001011111
110110010011101101001110
110110010100000110110100
110110010101001000001111
110110010101001100001011
110110011000011011101111
110110011000011100001000
110110011001001110000100
110110011011000000001111
110110011101110111011100
110110011111010100100000
110110011111011001111101
110110100000110010001000
110110100001000111011111
110110100001110100011000
110110100011101000010111
110110100100111010101111
110110100100111111010101
110110100101100100011110
110110100110110111000011
110110100111010010101100
110110101000110110001111
110110101100000011001111
110110101100010001110000
110110110001101110011110
110110111001110110000001
110110111011010111111000
110110111100100000011011
110110111100110010001110
110111000011001001011110
110111000110111010110001
110111000110111111110110
110111001011011001101111
110111001011101000100011
110111001111101001000000
110111010010110000011101
110111010100001110110110
110111010100100100100000
110111010110110100000111
110111011000100111110100
110111011001101110111000
110111011010000110010011
110111100001011011010001
110111100001101111010110
110111100010111010111000
110111100101000011011111
110111100110101010101101
110111101001011010110010
110111101010001000111001
110111101100100110101011
110111110011101100110000
110111111101111100000000
111000000000101101111101
111000000001011001011110
111000000011100100101011
111000000110110000011000
111000001000011101100111
111000001010010010000011
111000001100011001100010
111000001111010101110010
111000010010000110111000
111000010110111101101011
111000011000000011110110
111000011001000100010101
111000011011001100011110
111000011011101110010110
111000011111001110000110
111000100100011101110100
111000100101000011000011
111000100110010100101111
111000100111101000101110
111000100111110100010110
111000101101101111000111
111000110110101110010111
111000110111100011100110
111000111000011110010011
111000111001010011000000
111000111010000001111000
111000111011001100010101
111001000010011111000001
111001001101100100100111
111001001110110000100010
111001001111010100011101
111001010011101000001110
111001011010110010111110
111001011100000011100110
111001011101010100100010
111001100010011111001100
111001100011010101011000
111001100100001111101110
111001100100100001100101
111001100101011110101100
111001100111011001101011
111001100111100000111111
111001101001000100000100
111001101010101010010100
111001110000001111101010
111001110001111101001010
111001110010111000011100
111001110010111100011010
111001110100010110000111
111001110100011011011011
111001110100011110011000
111001111100010110010101
111001111101000100010011
111001111101111000011110
111001111110001011101111
111010000000100110110101
111010000110011010000010
111010001011011101100010
111010001100011011011111
111010001111001001110101
111010001111011111001100
111010001111100000111110
111010010000000000111010
111010010001001000010001
111010010001010110110010
111010010100001100101001
111010010100001100110101
111010010110001101101110
111010010111001010000000
111010011001101000101111
111010011011000001010011
111010100011101101110100
111010100101101100111010
111010100111111110010011
111010101000110000110001
111010101010011010000001
111010101011001010100010
111010101110000100000010
111010110000001100101110
111010110010100011111001
111010110100001111000000
111010110110011111001110
111010110111001110010011
111010110111101001100111
111010111100011000100000
111010111111010110010101
111011000011001111010110
111011001000000100111011
111011001010010001000111
111011001100000010111111
111011010001001001011111
111011010001011111100111
111011010100000111111101
111011010100010101001000
111011010111100010110000
111011010111101010001111
111011011000101000010000
111011011001011101101111
111011011010010001110010
111011100010001100011100
111011100010100100001001
111011100101011100111000
111011100101110001010011
111011101101011101111001
111011101110111000100001
111011101111110000101110
111011110011111011101000
111011110100110101110000
111011110101111100101010
111011111000100011110000
111011111010101011011101
111011111100101101010101
111100000010000000000101
111100000010101010010011
111100001010010100101001
111100001101010010100110
111100001111101100101010
111100010001000011000101
111100010100010111001000
111100010110001011110101
111100010110011001001001
111100011110010111000010
111100100010111000011111
111100100100011001111111
111100100100011010111000
111100100110100100001101
111100101001001010011110
111100101010101111101010
111100101011111110011101
111100110000111000010110
111100110011101101001010
111100110101001111000101
111100110101100001000001
111100110101110000110101
111100110110001010010000
111100110111111101011000
111100110111111111000110
111100111011110100100011
111100111100100000101110
111100111100101011010011
111100111101001001101101
111100111101011100111100
111100111101101001110110
111100111110010110101011
111101000001010010100110
111101000001111010100111
111101000011111001101110
111101000100111101101101
111101000111010110010011
111101001011010000101100
111101010000111001101010
111101010101001000110110
111101011000010001110000
111101011010110000110001
111101011011110011110111
111101011100111010101100
111101100000110011111010
111101100100110110000110
111101100101001001001011
111101100110110011110101
111101101000101010001011
111101101001100100100110
111101101010101101111110
111101101110000110110001
111101101110001000110001
111101101110001100111110
111101110000000110100011
111101110100000000001001
111101110100101101101110
111101110110010111010000
111101110111001100101111
111110000000000001110011
111110000100010001000000
111110000111011011011101
111110001010110001000111
111110001100011100110101
111110001110010110000001
111110001111010110001111
111110010001100011110101
111110011001001111001010
111110011011000110110001
111110011011101111110001
111110011110110111000110
111110100010001011111110
111110100100100101110110
111110110100101101011011
111110110100111000111010
111110110101010101111110
111110110110001001011001
111110111011101010010011
111110111101101000011010
111110111101101001010111
111110111110110101110001
111110111110111100100000
111111000010011100001000
111111000011001100101000
111111000011101010111011
111111000111011111111001
111111001101110100101010
111111001110111110110010
111111010000000001101000
111111010010110111111101
111111010101000110000100
111111010110000001010011
111111010110100011101110
111111011001010100100100
111111011101110111101000
111111100011000100111001
111111100100111000100001
111111100111111010000111
111111101001011011010010
111111101001011100101100
111111101001110000101000
111111101010000010010110
111111110010001001110110
111111110111011001110100
111111110111110100111111
111111111011011011100111
111111111100110110001111
111111111100111011101110
