100000000011001100011011
100000000110101001010101
100000000111001001100110
100000001011001100000100
100000001011101000000101
100000010011001010101111
100000010110000011100001
100000010111011001110110
100000010111011010011111
100000011010111101111110
100000011011011001101000
100000011100010101000110
100000100001001011101111
100000100011001100111011
100000100011010100110011
100000100011111101011000
100000100101011111000110
100000100101100110000111
100000100110000001001111
100000100111011000000010
100000101010000110111010
100000101100010110101100
100000101110110110100010
100000101111001100111100
100000110001010110010000
100000110111110100111101
100000111010000010101001
100000111100011010100010
100000111110001001000111
100001001111110111100110
100001010000101010001101
100001010001111010010011
100001010011101111011111
100001011010010101000001
100001011011111011000000
100001100101000111011011
100001101010011110011010
100001101010110101000000
100001101101110000011001
100001101110000100100110
100001110000101010101111
100001110010011000000111
100001110100000001011111
100001110111111000110110
100001111001001101101000
100010000011101101100101
100010000100010110100100
100010000101110011001111
100010001101110101001011
100010001110011111100011
100010010010001110011100
100010010101001100111101
100010011101001011010011
100010011111000010011110
100010100000110100110011
100010100001011011010000
100010100010001111001110
100010100010111110110011
100010100100001110011011
100010100101011001100110
100010100111100001100111
100010101011100000101101
100010101100001100110100
100010101101001000110110
100010101110011000101011
100010110001110110101011
100010110010011100001000
100010110010101110000000
100010111000001010001001
100010111000100110011011
100010111100101100110111
100011000100000011010011
100011000110001011100010
100011000111010001000111
100011000111111011011100
100011001011101011101100
100011001100001110000011
100011001110110100010100
100011010000000110110111
100011010101110000110110
100011011000111100001111
100011011011000110101110
100011011011011101111000
100011011101010000110000
100011100000100100000011
100011100001010110011000
100011100011001100100011
100011100101101011101101
100011101011000101010101
100011101011011000001101
100011101101010010111001
100011110101000100101000
100100000100000100100110
100100000101010110011001
100100001010110011101100
100100001010110111101000
100100001111000010000110
100100010010001100110110
100100010011101101110111
100100011001110101010110
100100011111011101111001
100100100010100011000011
100100100101010101001101
100100100110010101111000
100100101000000100001111
100100101000110000110100
100100101100110111100000
100100110001100100000101
100100110110110111011001
100100111001000001101010
100100111010100001001111
100100111100111001101111
100100111101100001001001
100100111110101100011011
100101000001001101111110
100101000010101010110000
100101001000101110000010
100101001010100011110100
100101001011000110000011
100101001011111111100001
100101001111101000010101
100101010000011101000011
100101010001000100001001
100101010100110010101001
100101010110000100111111
100101011011111011100110
100101011100101011111000
100101011111100011010011
100101100010111100110010
100101101010101001110001
100101101111010010001111
100101110010011011110100
100101110011101100101111
100101110110100000101111
100101110111010110111011
100101111001001000001111
100101111010101010110110
100110000001111100101000
100110000011111000100110
100110000111101011101000
100110001001110111101101
100110001010001111111011
100110001011111111111111
100110001110001101011111
100110010000100000001101
100110010010110000011001
100110010010111100011011
100110010011110011111001
100110011001110110000110
100110011100000100000100
100110011101100000110111
100110100100111000011011
100110100110000111001011
100110100111001110110100
100110101000100110010011
100110101010100000110001
100110101101100000101101
100110101101100100010011
100110110010000111001111
100110110011000101010110
100110110011100011010111
100110110101001110011011
100110111101111110010110
100110111111101101001110
100111000000000101010001
100111000011101010101000
100111000100100111101011
100111000111011100010111
100111001001010111000100
100111010001000101001010
100111010010100111010101
100111010100001110011000
100111010101001010000111
100111010101101110000010
100111010110000000011000
100111010110011011100110
100111011010000111001110
100111100000001000000111
100111100011001011100111
100111100100000011110001
100111100111110111101100
100111100111111110011110
100111101000101101010011
100111101001000001001110
100111101001111000110110
100111101010101101010100
100111101011000110100110
100111101100110110110110
100111110000110110000110
100111110001001001001111
100111110101010001001100
100111110101110100101011
100111110111100010000100
100111110111101101010101
100111110111111110010011
100111111001101110110001
100111111100111101111011
100111111101011111110100
101000000100011110010000
101000000111010011001001
101000001010011011001101
101000001100101001110001
101000001110000011110110
101000001110100011001111
101000010001000001001110
101000010001010010010111
101000010011001000110110
101000010100010001000011
101000011001111011100111
101000011010111110011001
101000011100010100010001
101000011110000000110111
101000100010111101010110
101000100011001101000010
101000100011110001001101
101000100110011100111001
101000100111000001110100
101000101001011010101001
101000101001110001001110
101000101011100010000011
101000101100011111010011
101000110101011011000010
101000111010101011001000
101000111101011000111001
101000111110110101000110
101000111111010001011100
101001001000000011000001
101001001010110010101101
101001001101101111101111
101001010001101010101110
101001010011101010011001
101001010101110101011111
101001010111110010100001
101001011010101011100000
101001011100100100010110
101001011101001110100100
101001011101110000011100
101001011110011001000000
101001011110111011101111
101001011111000001110001
101001100001010000010101
101001100001011101011010
101001100010100111000000
101001100111010010101011
101001101110101110010111
101001110011100100010110
101001111111110010001001
101010000011010000011010
101010000100111100001110
101010000101100110001011
101010000110010101101101
101010000111010100001100
101010001001011111010010
101010010000110101100011
101010010001110011101110
101010010010000110110111
101010010101010010000111
101010010110100000111000
101010011101000011001011
101010100000101000101110
101010100001100100111100
101010100110101001001001
101010101100111010000101
101010101101010110010111
101010110000110010001010
101010110111110101010101
101010111110101000101110
101011000000101011001001
101011000001010101111001
101011000010100100110010
101011001000110101010100
101011001010010100011110
101011001011001110011101
101011001011101110010000
101011001011111111011110
101011001110000011100000
101011001111100100110100
101011010100100010110001
101011010100111000001110
101011011010110010110011
101011011100110000110000
101011011101000110110111
101011011101100110010110
101011011110101001010010
101011011110110011111100
101011100010011111101101
101011100101110011100101
101011101011010010011111
101011101100110110101001
101011101111010001101011
101011110010000101000010
101011110010010101111000
101011110011000011011111
101011110011111100010011
101011110100011000101111
101011110100100010001000
101011110101100100010001
101011111011101001000011
101100000001101010011010
101100000011010100011110
101100000011110100010100
101100001000010111000011
101100001000110110001100
101100001010101110100001
101100001101001010101111
101100001110110110011010
101100001111000000010100
101100001111000010111100
101100010101110000101010
101100010111000111011010
101100011000011000110011
101100011010000111001000
101100011100010100000111
101100100000001011110001
101100100010110111011111
101100100011110111110000
101100100101100011001000
101100100101100101100111
101100101001110000100111
101100101111001010001000
101100110100111000100110
101100110101011011000011
101100110111111000001000
101100111011011101100001
101101000000000011100110
101101000001101011100010
101101000011110111001111
101101000110010010110010
101101001011010100011010
101101001011011010100000
101101001011011101001101
101101001101100011010000
101101010001011101010101
101101010100101011011101
101101010110111010011001
101101011001011100001111
101101011010100001011101
101101011011011110011100
101101011100110111010111
101101011111010101011111
101101011111101101011111
101101100001111010101110
101101100010111000111100
101101100100001001011111
101101101000000101110100
101101101001010000001101
101101101001011110010001
101101110011101011110111
101101111001001101101010
101101111100101001101011
101101111101010011001010
101101111110010000001001
101101111110111001011001
101101111111000111111000
101110000011001011101111
101110000110110001011100
101110001001100101111010
101110001001100111010010
101110001100110101000011
101110010000010111010101
101110010001100101010011
101110010010000111000110
101110010101011111101111
101110010111110001111011
101110010111110101111100
101110011001110101110011
101110011100101110001101
101110011100110100011110
101110011110001010101000
101110011110011101101000
101110011110011111101101
101110100100110101110100
101110100101011100110011
101110101100000011110100
101110101100100101111100
101110101100110101100011
101110101101101101000000
101110110010100010110010
101110110011111010001100
101110110101010000101111
101110110101110000100100
101110110111000110110000
101110111001011001100011
101110111011011111000010
101110111100010100110110
101110111100010111001011
101110111101110101010000
101110111110010111010011
101111000110001001000100
101111001110100001010110
101111001111110011010001
101111010000001100110110
101111010001010010100110
101111010011111110101010
101111010111101100000111
101111011000110000010111
101111011011101010001001
101111011100000000111000
101111011100010010100001
101111011100111100000111
101111100010101001001110
101111100011111111101110
101111100111110001011001
101111101001011101101111
101111101100000111001111
101111101110011010100011
101111101111010000000010
101111110001101110000011
101111110010010010111100
101111110010100001101101
101111110010100110111101
101111110101110000100101
101111110110111001110100
101111111110110100001110
101111111111010011001110
110000000011100100101001
110000000101111100111011
110000000111100000110001
110000001000000001000010
110000010011011011111110
110000010111000111111010
110000101001111011111101
110000101101000100111110
110000101101100100100110
110000101110000111100111
110000101111001110011010
110000101111110111110011
110000110000001010000101
110000110001010101100111
110000110001111111010000
110000110011100000110010
110000110100101110100100
110000110101101111011110
110000110110001011100000
110000110111011000011111
110000111001000101110100
110000111101100011110011
110000111101100110001010
110000111111010011100011
110001000000111100000101
110001000011111011110011
110001000011111100101101
110001000101011100010010
110001000101110001010100
110001000110100001110010
110001001001110101100100
110001001101100110000110
110001011011001111101100
110001011011111001001010
110001100001010010001100
110001100100011100110111
110001100110010101101010
110001101011110111000100
110001101101101001000101
110001101110100111100101
110001101111001100100100
110001110010001001100101
110001110101101010111110
110001110111101011011110
110001111011000010100111
110001111011101110111101
110001111101000000001001
110001111111111010110011
110010000010100010100100
110010000100110111101010
110010000111010100100110
110010000111101011110001
110010000111111110111011
110010001000110001011101
110010001000111000101110
110010001101111011000110
110010001111010001110110
110010010000010111101000
110010011001010010100000
110010011001100001011111
110010011100111000111001
110010011111000110011100
110010100011001011000110
110010100100001000001100
110010100100101111011101
110010100110000011100101
110010101001100000111100
110010101100101001111010
110010101111100110010010
110010110011010100101001
110010110110000011100100
110010110110001000000101
110010110110100010100100
110010111000100011111010
110010111001001110001101
110010111101011110110110
110011000001110101000001
110011000100101011010100
110011000111110111111010
110011001000100001000101
110011001000110001000101
110011001001110001110011
110011001110100011000110
110011001111101110111011
110011010001000100000100
110011011000010100100110
110011011001101111011110
110011011111011110110100
110011100010010010101110
110011101010101010111010
110011101011001111001001
110011101100010001010110
110011101101111000110101
110011101110000000010001
110011110001010001000001
110011110010101011100111
110011110101111101100111
110011111000011101010100
110011111101001001010111
110011111101001110010001
110100000000101010001000
110100000000110010001101
110100000110011101110110
110100000111001111001100
110100001011010100110001
110100001011111011110000
110100001111111110000111
110100010000010101000011
110100010000100000100000
110100010110001000011011
110100010111100010011010
110100010111101101101000
110100100010001010111101
110100100010110000100110
110100100100010000110010
110100101011100100110000
110100101100011111100111
110100101101101100001011
110100101110001000101100
110100101110001111111110
110100101111111001110101
110100110001011100101011
110100110101100010001101
110100110111000000000000
110100110111101101010101
110100111000110110001011
110100111101111010000111
110100111111111000000100
110101000000010110110110
110101000000111110000111
110101001011110111010001
110101010000110011001001
110101010010111011001101
110101010101010010100001
110101010101010010110101
110101011000001100000011
110101011110000000011011
110101011110010011110010
110101011111010100100010
110101100000001111010111
110101100000010010101011
110101100001101000011011
110101100110011111100011
110101100111000110010100
110101100111110111000110
110101101010111010111100
110101101011111101110011
110101101100111000011011
110101101111001101110101
110101110001101100111000
110101110100001001111101
110101110110010010110000
110101110111000110100110
110101111011010111001000
110101111111100001110000
110110000011100110001110
110110000101100111111101
110110000110100111101110
110110001011010010110110
110110001011100001110001
110110001101110100100110
110110010010011001011010
110110010010110110000000
110110010111110000011100
110110100000111000001001
110110100011100110110001
110110100100011101100101
110110100101010011110110
110110101000111101111001
110110101011110101111010
110110101100110001011100
110110101101011011010100
110110101101011101110010
110110101101110000110111
110110110001011111001010
110110110011011000111011
110110110111100000110101
110110111000000101010000
110110111011011100100010
110110111100000100001101
110110111100010100100111
110110111100100001101001
110110111100101111011001
110110111110101011000010
110111000010110010010001
110111000101111000111001
110111000110010111010110
110111001011000101110100
110111010000101110011010
110111010010101100111110
110111010010110011110101
110111011000100010000010
110111011000110111110110
110111100110101010110000
110111101001001111111000
110111101001101011000101
110111101011010001011100
110111101100101011111101
110111101110101010100110
110111101111100110001010
110111101111111010000101
110111110001010100000100
110111110010111100101010
110111110011001110011110
110111110100001110110000
110111110110000111110100
111000000000101111001011
111000000010110001001010
111000000011010101011001
111000000100101110011111
111000000110000011000111
111000001000100010111110
111000001010010111001011
111000001100111001001000
111000001100111010010010
111000001100111011011011
111000001101000011111110
111000001101101110110100
111000001110001001011111
111000010100110000000100
111000010111011001100000
111000011100011111001000
111000100010011110011111
111000100010101010000001
111000100011111101101110
111000100101100000110001
111000100111101100000010
111000101011110111111001
111000101100011000010110
111000101110000001011110
111000110000111100101001
111000110101100000000010
111000111001010110101110
111000111001110101011011
111000111010010001101010
111000111010110111001100
111000111111000000000110
111000111111111100100111
111001000000001110010101
111001000001001000101100
111001000001010110110110
111001000010100111101100
111001000010101010100101
111001000010101100010111
111001000010110100001011
111001000110110111000001
111001001000011001111101
111001001010100101001001
111001010101000101000111
111001010101100000101011
111001010101111011001001
111001011010001110111010
111001011010010010101110
111001011011100111011100
111001011111110010001101
111001100000000011000011
111001100001101000001001
111001100110010011101111
111001100110100100010001
111001101101000011110100
111001101101110010110101
111001101110011011000111
111001101110101111010000
111001110010101001100111
111001110101000111011010
111001110110101001000000
111001110111101001110111
111001110111101011000001
111001111010111101011111
111001111011100110010001
111001111011110110111111
111010000000100011101101
111010000010011000101011
111010000011100100011101
111010000011101010111011
111010001101000101101111
111010001110110011010101
111010010000001010100000
111010010001001101010001
111010010010101101110010
111010010111111110010010
111010011000001101011110
111010011000101110101101
111010011110110110111111
111010011111111101111000
111010100000010100100000
111010100000011101010110
111010100101011101111110
111010101011100000110011
111010101100011101111101
111010101101101011010100
111010101110010010001110
111010110010010010010011
111010110100001101010110
111010110110110011010111
111010111001111101000011
111010111101000111101100
111010111101101011110111
111010111110001100111110
111010111110010101111111
111011000011100101000111
111011000011110010110001
111011000011110011110001
111011000101010000011010
111011001010011011011110
111011010011110010010100
111011010101000111110000
111011010101011011101011
111011010111011010011000
111011011000001110011001
111011011001110011011001
111011011110011101111101
111011100001000110101101
111011101001011000110111
111011101001110100110010
111011101011000011100001
111011101100001001101100
111011101101101010100011
111011110010111000000111
111011110011010011101101
111011110100110010001011
111011110100111010111011
111011110110011001000010
111011110110110011001000
111011111000000001010101
111011111000100001010111
111011111010101010000010
111011111110111000000111
111100000001000111011101
111100000011100110111011
111100000110011110101001
111100001000010101000111
111100001000010110000010
111100001010101100101001
111100001011011110101101
111100001100111001000100
111100001101100001001111
111100010011100011010100
111100010111110011111101
111100011000110000011001
111100011001011000001010
111100011010011100010011
111100011010111010001011
111100011011111011001100
111100100000101000000111
111100100000111001011101
111100100011101000110110
111100101000110101100111
111100101010000000001110
111100101011111110011111
111100101100001010100000
111100110000001100101110
111100110000101010100001
111100110100010101101000
111100110111101001000000
111100111000100111110000
111100111101001010101100
111100111101001110110100
111100111110011010010111
111101000000111110110010
111101000100110111001011
111101001100001000100001
111101001100001011100100
111101010000001111000001
111101010001001110100110
111101010001010000001000
111101010001110000110111
111101010011110110010001
111101010110110110101101
111101011000000111000110
111101011010010110101000
111101011100111110011111
111101100100011110011100
111101100110000110111111
111101101010100111101010
111101101010110000101001
111101101111110011111010
111101110011110111001110
111101110100110001100011
111101110110101000110101
111101110110101101001011
111101110111101000110101
111101110111111011100001
111101111000000001011011
111101111000110111010110
111101111101110011000111
111101111101110110111011
111110000000000110000011
111110000000110110110011
111110000001011010111000
111110000100001100010001
111110000111101110011111
111110001000010000001100
111110001010000010110010
111110001010001011101110
111110001010100110001110
111110001010111111101001
111110010110110111111110
111110011000000011000111
111110011110010111010101
111110100000110100110000
111110100010110001001100
111110100101000010100011
111110100101100001010010
111110100111011011110000
111110101100111001111000
111110110000011111110111
111110110010111000111100
111110110011011010110011
111110110011111011010100
111110110100101010000100
111110110110001001010100
111110110110001101100100
111110111001100101100100
111110111011000010101001
111110111011011011110110
111111000000110110011110
111111000001110001010000
111111000101010010001110
111111001101100110000110
111111010011001100100101
111111011001100101111000
111111011010001011101111
111111011100011001101010
111111011110000011110011
111111011111000100000101
111111011111111010000000
111111100011110010010000
111111100011111000100000
111111100110010010111011
111111101001001010011011
111111101100100111110110
111111101101000000100100
111111110000011011000010
111111110111110111011011
111111111001000000000001
