100000000011010011111001
100000000011010100110100
100000000011011010100111
100000000011110001001101
100000000111000110111010
100000001000011100101011
100000001001010100100110
100000001010111011110010
100000001011101000001111
100000001100001011011111
100000001110101001001111
100000010000110111011111
100000010001010110100111
100000010001101101011001
100000010100100111110011
100000010111010001011101
100000011100000001000111
100000011101001110000011
100000011111000110000100
100000100000101111101110
100000100010001010000010
100000101001011110100101
100000101110100100101100
100000110011111110001011
100000110100110000011101
100000110100111100001001
100000111010001011011001
100000111010100011110011
100000111101010111001010
100001000010100010001010
100001000010100100101000
100001000110001110100011
100001000111011100000100
100001000111101101011100
100001001011001000010110
100001001110000110001111
100001011010011100011100
100001011011000011011011
100001011011001011111111
100001011110110010111101
100001011111111101000001
100001011111111111101011
100001100001101001001110
100001100100110110101100
100001101001101101011110
100001110100100101111001
100001110101010011000101
100001110101010100011110
100001110111011011100010
100001111000110010110000
100001111001001110110011
100001111010000100101111
100001111010010011001011
100001111011010010001001
100001111011011100111101
100001111100100000001010
100001111111100000110100
100010000101110011101100
100010000111100011111011
100010001000010011011111
100010001000011110010110
100010001100010100111011
100010001101100001111001
100010001111100001001001
100010010101011011100000
100010010110110111111010
100010011000000101000110
100010011010010010110001
100010011011000110111001
100010011011011001010111
100010011111110101010100
100010100111000101001001
100010101000001101010101
100010101001100101111100
100010101001111100010101
100010101010101110111001
100010101100101001000010
100010110010011100110000
100010110100011101101101
100010111001010111110010
100010111001011110101001
100010111010011111110001
100010111011010010010100
100010111111100001010011
100011000000100111010110
100011000001000101111010
100011000001101111011000
100011000110011100100011
100011000110100001101111
100011001001110010000000
100011001111110101111101
100011010100000000101111
100011010100101000001001
100011011100110100010010
100011011101100000111101
100011011110001000110011
100011100001010000001011
100011101000110011101001
100011101001010110101110
100011101010101000011011
100011101011100101000001
100011101011111111001011
100011101111010111011100
100011110000101110010000
100011111010110001001011
100011111011101111011000
100011111111001000010101
100100000100011000100110
100100000101000100011001
100100001010000100000111
100100001010010101100010
100100001010111101010010
100100001100100100100100
100100001101110110001111
100100010000010111010101
100100010101001000001001
100100010110100101111010
100100011000011000000011
100100011100100101001110
100100011101110100111000
100100011110100100001001
100100100000011001110110
100100100001110011110011
100100100100000100000011
100100100110110000111011
100100101101011101010010
100100101111000110110100
100100101111001100000110
100100101111001111011110
100100110001101101010000
100100110101101011010101
100100111010110101000111
100101000010110111011100
100101000011011010000100
100101000110111111000101
100101001001010000110101
100101001010100010011011
100101001010101110011011
100101001101001010010011
100101010001001001111111
100101010011000110101110
100101010101101110100001
100101010111101111010000
100101011010101000000101
100101011100101111000010
100101011100111000110000
100101011101001100000001
100101100000011101010101
100101101111101110001010
100101110000110101100011
100101110010000100100001
100101110100010010101000
100101111101010101011111
100101111101111111100000
100110000110100111001100
100110000111111101110100
100110001000100010101100
100110001001111100000001
100110001011000001011111
100110001100010001001000
100110001101010010101010
100110010110110101011010
100110010110111000010101
100110010111001010111000
100110011001111001111000
100110011010101011100001
100110100000001000100111
100110100110100101011110
100110101111100100001101
100110110000101100001100
100110111001000100111011
100110111011011101000110
100110111100101010111101
100110111101111110100001
100110111111010110110111
100111000000101001000101
100111000010000001101110
100111000111010011001000
100111000111011110111110
100111001001000001000000
100111001011010101011111
100111010011010111111101
100111010111101000001110
100111011001011110101011
100111011010000111111011
100111011011101001101101
100111100010001001100001
100111100010100100001100
100111100111010101110000
100111101010011100111001
100111101011101111110111
100111110010101101000000
100111110011011000010010
100111110011101001100000
100111110101000011100001
100111110110111001011111
100111111100001101101000
101000000010000010001011
101000000100010010011111
101000000100101000100101
101000001011001111000100
101000001101001101101000
101000001111000101110111
101000010000101010110010
101000011001110111011111
101000011010101111111001
101000011011101001001000
101000011100100000000111
101000011100111011001011
101000011101111111011111
101000011110100011110011
101000100001111001110110
101000100011111001000010
101000100011111011110100
101000101011101101010111
101000110001001101111001
101000110010101101000000
101000110010101110111111
101000110111001111110111
101000111000000100010101
101000111010011010100100
101000111011100011001010
101000111011110101111101
101000111101001111101111
101001000001000011001110
101001000110101000100111
101001000111100100001100
101001010001101001100111
101001010101111110101110
101001010110011011101000
101001010111111111000000
101001011100011001111010
101001100000111000110110
101001100111100100001110
101001101011011000001101
101001101011111001010100
101001101100010111001001
101001101101101110111010
101001110000101111001011
101001110111101001010101
101001111001111100100011
101010000000001111011111
101010000000011110000100
101010000001101101000100
101010000010000011010000
101010000010110101011110
101010000011101101101110
101010000110001000010011
101010000111000111011100
101010000111110010110111
101010001001000111100000
101010001001011010001011
101010001001111111011011
101010001010101100101111
101010010011111101010111
101010011011001001000000
101010011011110101000011
101010011100011111011011
101010011110101011001100
101010011111011110011111
101010011111100100011010
101010100101011001000100
101010100110000001000011
101010100110111111011101
101010100111111000000011
101010101001110001011011
101010101010010010111100
101010101010101000000000
101010101010110000110100
101010110011011101001001
101010110100110101000110
101010110101110110100101
101010110110101000011000
101010111001010110000000
101010111011011001101010
101010111100001001110101
101010111101001011100001
101010111101011100010101
101010111101011101000101
101010111110010101110100
101011000111111100001101
101011001000100001001010
101011001001011101011100
101011001010111100001010
101011001110110100000111
101011001110111010111101
101011010011110010111110
101011010111011101100100
101011011001111111101001
101011011101000101000110
101011011110010101001000
101011011110101000100110
101011100000100101011100
101011100110111010000011
101011100111100001111001
101011101000010111100111
101011101010000111101000
101011101011010010010101
101011101011010111001000
101011101100000111001000
101011101101000110010001
101011101101110110010000
101011101111000100111011
101011101111010010110101
101011110001011110100110
101011110010010001111101
101011110010101110000101
101011110100011101000011
101011111100011101001010
101011111101111000011110
101011111110000010011000
101100000000000011101111
101100000100110010000001
101100000110011000010001
101100001001101111111111
101100001010000001101001
101100001010100010010100
101100001011011011101111
101100001110101110100100
101100010001111011101000
101100011000011010111010
101100011011001101011101
101100011100010001010000
101100100001010111011000
101100100001010111101001
101100100011111111101011
101100100100001001100111
101100100101101000001101
101100100111110000110000
101100101000111101011110
101100101011100111101011
101100101011111110110011
101100101101110011101010
101100101110000010000000
101100110000010111010010
101100110001001010010001
101100110001101101011011
101100110100000010100001
101100110101100111000110
101100111011001000111010
101100111100010110100100
101100111100111100101000
101100111101011001011000
101100111111100101010110
101101000010001100010110
101101000010110100011100
101101000011111011000100
101101001010110001101100
101101001011111001000100
101101001100111111100101
101101001111101100001001
101101010010111110010110
101101010011000111101111
101101010101001001001010
101101010101111100001100
101101011001110101110100
101101011101000100011101
101101100000000100001100
101101100000111011110000
101101100001011101000011
101101100010100100010101
101101100011010011110010
101101100110100100000000
101101101001110110010010
101101101001111110000101
101101101100001001101001
101101101111100110011011
101101110001100101100010
101101110011110111110010
101101110110000010100110
101101111001001001111010
101101111001110010110000
101101111011101000100001
101101111101001111100011
101101111111010010101111
101110000000101110011101
101110000000110011000100
101110000000111010101011
101110000010001011101010
101110000010101001111111
101110000011000011010110
101110000110100100011110
101110001100101100010000
101110011001011000010001
101110011010001100100110
101110100000010100100001
101110100000101101101011
101110100111010011000010
101110100111100001011110
101110101000110101010111
101110101110010101101100
101110101110011000100100
101110110001111011000010
101110110010101100111111
101110110011010011000110
101110110100111001110100
101110110110100000111011
101110111000001010101111
101110111010111001011001
101110111100001101001111
101111000101011110110101
101111001000000000100101
101111001001000101001001
101111001001101000010010
101111001011000000111100
101111001011100000101001
101111001100100001101011
101111001100110101011101
101111001110010110101011
101111001111000010110101
101111001111111010001000
101111010010111000000010
101111010011000110100001
101111010100001110100000
101111010100011111010010
101111010100100000000110
101111010101110000101111
101111010111111000010010
101111011000011001011100
101111011001010010000001
101111011010101101011011
101111011011111001100010
101111011100011101111000
101111011100111010100110
101111100000000011001001
101111100011001110010010
101111100011010010110101
101111100100001101101101
101111101000100001100111
101111101100001111100100
101111110111110010010011
101111110111111101000101
101111111001000000001011
110000000011000000011101
110000000101101101001000
110000000110101001101110
110000000111010011010100
110000001001000101101010
110000001011001010100010
110000001100111110001111
110000001111111001100001
110000010101100100000110
110000010110101010100000
110000010110111001110100
110000011001001001110010
110000011011000000101000
110000011101110100111110
110000011110001000111100
110000011111101101001101
110000100010000011000100
110000100010011100011111
110000101001001100111111
110000101001100011110101
110000101010000001101110
110000110000100101010000
110000110001000010011100
110000110011111011010111
110000110100001100011010
110000110101011100010110
110000111010101011001100
110000111100110100000011
110000111111000010011000
110001000001100110111101
110001000010000111010111
110001000110011101111110
110001001001101111111100
110001001010011010100010
110001001011101011101100
110001001100010011000100
110001001100011011111101
110001001110010110000111
110001010001001000000100
110001010001001011101001
110001010001111110001000
110001010010000010101000
110001010100100011011001
110001010111111111010110
110001011000010000100100
110001011000010010000001
110001011001101001111000
110001011001111001110011
110001011111011111111010
110001100000110110000010
110001100001000001101101
110001100001011001010000
110001101000000010101100
110001101001010011001101
110001101001010111101001
110001101001110101000111
110001110000100110100101
110001110001010000000101
110001110010110001000010
110001110010111101000101
110001110101101101100011
110001111001101101000011
110001111100000111010110
110001111110101010110010
110001111110111111001010
110001111111001001110001
110010001000001110110011
110010001001000100001101
110010001011010010010001
110010001011010110100110
110010001011011000000111
110010001111111110001000
110010010100010000111001
110010010101101110100001
110010010111100000011000
110010011001000111110001
110010011001001101110000
110010011010010000001011
110010011100000101111100
110010011101000000111011
110010011110101110100011
110010100010000110011011
110010100011000010101101
110010100011000111100111
110010100011011110000010
110010100101101000011010
110010100110010001010000
110010101011010011001010
110010110010001011010001
110010110011000111001111
110010110111101100001101
110010111000100111110101
110010111001001110100001
110010111001011111110001
110010111100101111101101
110011000100111100101000
110011000110011100010110
110011001000110101000101
110011001011111010101011
110011010010011011110000
110011010101010110001000
110011010110100011000100
110011011000001000110010
110011011001100011001100
110011011011111100111111
110011011100101110001010
110011011110001100101001
110011011110101010100101
110011100000000001100101
110011100010100100011111
110011100100001010001101
110011100111001010101000
110011101000101110100000
110011101010110011111111
110011101101111001111101
110011101110100110110110
110011110001000000010011
110011110101100101000000
110011110111010010110001
110011111001001111111110
110011111010001110110111
110011111100110001001000
110100000000111111001100
110100000011010001101001
110100000011110011110000
110100000100001101101100
110100000110010110111000
110100001000010111100110
110100001001100101010001
110100001100110110101101
110100001110010101010000
110100001110110011010100
110100010011011011101111
110100010111000110101011
110100010111100000111000
110100011000001111011010
110100100000011111100010
110100100001111011100010
110100100101000011000010
110100100101101000011011
110100100101110101110111
110100100110110101001010
110100100111111100110100
110100101001110110000110
110100101010111010111101
110100101011101011110111
110100101111000101000111
110100110001101111100110
110100110011000011100010
110100110101000010100000
110100110101000101000011
110100110111001110010010
110100111010010001000101
110100111100111101101010
110100111101010100100110
110101000011001011010111
110101000111111101110001
110101001000010010010000
110101001100110001000011
110101001101111101011110
110101001111001010000100
110101010010111011000000
110101010100110100001001
110101010101110001111101
110101011000001101011011
110101011100101000100010
110101011111010100100001
110101100010001010011000
110101100011110111011110
110101100111000110100001
110101101000100110111111
110101101011111110111111
110101101111100110000000
110101101111101101101111
110101111000010010111001
110101111001011011111101
110101111010001111101010
110101111010010011010101
110101111100101111110111
110101111101010010110011
110110000000000101100010
110110000101100000010101
110110000110011011000001
110110000111110000000111
110110001101010000000011
110110001101010011000111
110110001101111100100110
110110010000101111010100
110110010101000011011011
110110010110011011100011
110110010111110101100001
110110011010010010110101
110110011011101011100000
110110011100001000111000
110110011101000100000101
110110011111010011000001
110110100000011010101101
110110100000101111011111
110110100100110001011111
110110100110000010101101
110110100111001010010011
110110101101010000111101
110110110011010010010001
110110110110000011001111
110110111000110101110111
110110111011100000110010
110111000000100100110100
110111000010000111101011
110111000010011101111011
110111000011111100000110
110111000111011111111100
110111001000000110000011
110111001011110010100011
110111010001011001011000
110111010001101100100111
110111010010000110010101
110111011011011111010111
110111011100101011101111
110111011110010010101110
110111100001110011101000
110111100001111001011111
110111100010110110110110
110111100100100100010101
110111100101001110011111
110111100111100101100011
110111100111101100000101
110111101001000110001111
110111101010110010111100
110111101011011110000110
110111101011110001010000
110111101101000000001001
110111101101000000101110
110111101110010001101111
110111101111011010001101
110111110000111011101111
110111110011010110101000
110111110111010101000111
110111111011111011000110
111000000100000111000110
111000001000100000010100
111000001111000100100011
111000010001100010111110
111000010101010101010111
111000011000101000001101
111000011011001000001101
111000100001100100011111
111000100110011001111001
111000100111010100110101
111000110000001011000111
111000110100010001011101
111000110101111100010101
111000110111010001100100
111000111101000111000100
111001000000110001010011
111001000011011100000101
111001000011100001001101
111001000110000100110010
111001000110000101110100
111001001001011000111111
111001001010101001011101
111001010000000110000010
111001010000100110000110
111001010000101000111000
111001010101001001010010
111001011000010111110111
111001011001110111100010
111001100001001001100011
111001100011101001010110
111001101000010010101000
111001101010011110110111
111001101011001010000001
111001101101100001001110
111001101110000110001100
111001101111111110010111
111001110000111010001001
111001110100010011001010
111001110101011101010000
111001111000101011100000
111001111100001010111000
111010000000000011110000
111010000001100100111010
111010000110100011101000
111010000111101101110001
111010001000100000000111
111010010010110111100001
111010010011100111100100
111010010100101110010101
111010010101001100111101
111010011010101111001011
111010011010110001111011
111010011100001101000110
111010011111100001000100
111010100000101110111111
111010100000110000100011
111010100001111110110000
111010100100100010101011
111010101110010011100111
111010101111100111000000
111010110000111101101110
111010110001001111100111
111010110001111000100111
111010110010010011011111
111010110010011100101101
111010110101000001000100
111010110110110000001011
111010110110110110000110
111010111000100100010111
111010111100011000011101
111010111101000001110111
111011000001101011000000
111011000001111000101000
111011000011100111111000
111011000011101110010001
111011000100100111100100
111011000111010101100111
111011001000000100011001
111011001000010010100110
111011001010110100001101
111011001101101000111011
111011010110111000010001
111011011001000100011010
111011011101100100010101
111011101010010110110100
111011101011110110001101
111011101100100111110111
111011110100111011110100
111011111000100010100111
111100000001010101110011
111100000011000010101101
111100000011001101011111
111100000110101011101111
111100010010100000100100
111100010010101011101001
111100010100101101100101
111100010100111000011001
111100010101100100011111
111100101010001101010010
111100101010111000010101
111100101010111100010010
111100101011111011111100
111100101111111100100011
111100110001000000110001
111100110001011011101110
111100110011101111011101
111100110110010010011011
111100111001001011100111
111100111001110000001000
111100111010001100010000
111100111101110010000111
111100111110100101100011
111101000000010001010011
111101000100101001101000
111101001000110110110111
111101001011110100010000
111101001101011011010010
111101001101110110010000
111101010011011101100011
111101010100100110001011
111101010101000111110101
111101010110101100111000
111101010110111101110111
111101010111010000000000
111101011001011000010100
111101011010000110001010
111101011010011001010000
111101011011011000010000
111101100000110010011000
111101100001110000101010
111101100100111110110000
111101100111001100000101
111101100111110100111011
111101101010100101011011
111101101011010100001111
111101110001101000001010
111101111010011111110110
111101111011110010101000
111101111100100010101001
111110000001101100101101
111110000001110100101000
111110000101101101101111
111110001001000110101010
111110001111111000111111
111110010000000110111101
111110010001111100000110
111110010010101001101100
111110010011011110110101
111110010100010101101001
111110010101100011011001
111110010110010100000000
111110011010101011110001
111110100100100101011010
111110100101000111000010
111110101000001010010101
111110101010100001100101
111110101011111001001100
111110101111100110000101
111110110001010101011110
111110110001101101100011
111110111000011010000110
111110111010110010111110
111110111111011110111000
111111000000010010011010
111111000001111010000001
111111000011100100000101
111111000100111000101000
111111001000011010010001
111111001000110000110110
111111001000110100011011
111111001111101011110000
111111010001100110001100
111111010010111010001011
111111010101110101110001
111111010111010111100100
111111011000001010110011
111111011001101100011000
111111011100011101010111
111111100011011111000110
111111101101001010111011
111111110001000100110110
111111110100011001001010
111111110110001011101000
111111110110010100111000
111111110110011010100010
111111111001100011010000
111111111010100101100110
111111111011010010011100
111111111100110100000000
111111111110110100001110
