0100000000000010000111010
0100000000000100111110000
0100000000001000101101001
0100000000111101001001011
0100000001000000110010111
0100000001010111111010010
0100000001011010000010101
0100000001100100000010001
0100000010001101111000111
0100000010011110111111110
0100000010110000110010011
0100000011000101010111000
0100000011001001011010010
0100000011101100001111001
0100000100000110011110111
0100000100001011110011101
0100000100010101111100111
0100000100011010110111111
0100000100011011111111000
0100000100101011010000010
0100000101000001011111111
0100000101000001111100100
0100000101001000010000011
0100000101001000110100011
0100000101011100111010100
0100000101111000011010001
0100000101111010100011111
0100000101111010101111100
0100000110000101101110011
0100000110000111101101110
0100000110110100011110101
0100000110111111001111101
0100000111000000101101000
0100000111000011101001011
0100000111111000110100111
0100001000000010111001000
0100001000000011011100100
0100001000000111001000010
0100001000111101010100000
0100001001000010100000000
0100001001001110100111101
0100001001010000001000000
0100001001100110001011110
0100001010000110000111110
0100001010011001011010001
0100001010101101110101101
0100001010110000011000101
0100001010110001101101100
0100001011111010010101110
0100001100000001000001000
0100001100010010110001100
0100001100010011010100001
0100001100010011100000010
0100001100111000010000011
0100001101011010100110100
0100001101100110010011100
0100001101110100100010011
0100001110000001011101100
0100001110000010001101011
0100001110001010100000110
0100001110011001001110111
0100001110100000100110110
0100001110101110010011110
0100001111001001010010110
0100001111010000110101000
0100001111010001011100010
0100001111010100001111101
0100001111100101100010101
0100001111101010101001011
0100010000010010111000101
0100010001001001111001100
0100010001010001011001010
0100010001110110000001000
0100010001111101011110000
0100010010000010010011100
0100010010000100011101100
0100010010011110011101000
0100010011100000000100011
0100010011101100000010001
0100010011111111001000000
0100010100010111110100110
0100010101001011111101011
0100010101100011010000011
0100010101101100110111111
0100010101111001100101101
0100010110000100111000111
0100010110011000000111010
0100010110011110010000101
0100010110101010000100100
0100010110101101110100000
0100010110111000101100000
0100010111001101000011010
0100010111011001110001000
0100010111110001110100011
0100010111111110010011011
0100011000001110111111010
0100011000100111101111000
0100011000101101010110001
0100011001000000100001110
0100011001100101000111011
0100011001110010110101100
0100011010000010011111001
0100011010001010010110010
0100011010011110101000011
0100011011000000011000111
0100011011010010101100100
0100011011010110111101011
0100011011011010001100111
0100011011101011010110011
0100011011111011011100001
0100011100000101001001100
0100011100011111010101000
0100011100101011001001011
0100011100101110111001111
0100011101010011111101010
0100011101110001010100110
0100011101110100100110011
0100011101111010011010101
0100011110111100011011101
0100011111000111111011101
0100011111100000110111101
0100011111100101100010110
0100011111100111001110010
0100011111101111001000101
0100011111111000000101111
0100100000000111010000001
0100100000001111110111000
0100100000010101111110010
0100100000110001001000010
0100100001000110011100001
0100100001010000111011101
0100100001100000110011011
0100100001100001000111110
0100100001110010010001101
0100100010001010101000000
0100100010100000001100101
0100100010100011000100001
0100100011010001111010010
0100100011111000001101100
0100100011111010110001011
0100100100011110100111110
0100100100101000001011001
0100100100110001101111111
0100100101001111110111011
0100100101011111000000100
0100100101100110101111000
0100100101111010001010110
0100100110011101100011101
0100100110110011000011100
0100100111001001110010011
0100100111010111011011001
0100100111110001010011100
0100100111111101010111010
0100101000011000010111010
0100101000110101001111011
0100101000110110001101010
0100101001111010110110100
0100101010000011111111000
0100101010001010011100101
0100101010001010111010000
0100101010011110011110010
0100101010100010110101110
0100101010111001001011101
0100101011100100100010000
0100101011101011110111100
0100101011110110100000010
0100101100100010011111110
0100101100100010111000010
0100101100101000000100001
0100101100111110011001111
0100101101100000111010110
0100101101101011111011110
0100101101110111001011100
0100101110001010110110000
0100101110010101111011011
0100101110011001100110011
0100101110100001000000000
0100101110110010110111100
0100101110111011110101000
0100101110111110011011010
0100101111011110101011010
0100101111101000110101000
0100101111110001110001110
0100110000100010100111000
0100110001010010110001100
0100110001101000111001010
0100110001111111001110010
0100110010010100100101101
0100110010111101000101111
0100110011001001011100110
0100110011001100001110110
0100110011011000000000001
0100110011110100011110111
0100110011111001001111110
0100110100010110110011110
0100110101000011101010011
0100110101000110000100010
0100110101001001010010000
0100110110010100011010010
0100110110011101111101010
0100110110101010110101001
0100110111000110111100011
0100110111000111101011010
0100110111001111010110001
0100110111011101000010000
0100110111100010010011010
0100110111110101001011110
0100110111110110000000000
0100111000000001010001010
0100111000001110110110111
0100111000010100010000001
0100111000010110101001011
0100111000100000100000100
0100111000100000100101001
0100111000101010101101010
0100111000110011110001000
0100111000111111111101010
0100111001010011010100011
0100111001110011001000010
0100111010010111111000001
0100111011011001011000001
0100111011111100100001111
0100111100110001000011110
0100111101000100110111001
0100111101100011001010010
0100111101111101100001000
0100111110010001100001000
0100111111000101000011010
0100111111101011101110100
0100111111110011000110000
0101000000111001111000010
0101000001011010101011000
0101000001101000000010000
0101000001110010101011111
0101000010100001010111111
0101000010111110101001110
0101000011010100000000000
0101000011010100101001000
0101000011101001000101101
0101000011101001001101111
0101000100000011100111010
0101000100001101101011000
0101000100111001001111101
0101000100111101010000001
0101000100111101100110011
0101000101100001101001101
0101000101111011011110010
0101000110000111011011101
0101000111000001101011110
0101000111010101101010001
0101000111111010110100011
0101001000001100010110010
0101001000010001101111100
0101001000100100101001001
0101001000101001010000111
0101001000111000010010010
0101001000111111110000100
0101001001011010111000101
0101001001100100001001011
0101001001111101111011011
0101001010011001110110011
0101001010111000111101011
0101001011000101000110101
0101001011101100111100011
0101001011110110001101100
0101001011111100100000010
0101001101001111011011100
0101001101010101011011111
0101001101011110010010000
0101001101100010000111000
0101001110001110011000110
0101001110001110101110110
0101001110011010001000001
0101001110110100100111111
0101001110111110010111010
0101001110111110100011110
0101001111001000010101011
0101001111011100110100110
0101010000101010111100010
0101010000110101010111011
0101010001000000001101001
0101010001000010011100010
0101010001000111100100010
0101010001001010111011010
0101010001001100000101000
0101010001100000100111111
0101010001101110100000110
0101010001101111010000001
0101010001111101000010010
0101010010011011100011000
0101010010100000101110010
0101010011000101110111011
0101010011000111100100011
0101010011010101011110011
0101010011010110010001100
0101010011011101011011111
0101010011110011001100010
0101010011111001000010100
0101010011111010110100001
0101010100001111000001000
0101010100100101100110110
0101010101101111100001100
0101010110000001000010101
0101010110100101000010000
0101011000001011010101111
0101011000010111010001000
0101011000011101011110010
0101011001011111111101111
0101011001111100110100010
0101011011000011001101110
0101011011010000110101000
0101011011010010001011010
0101011011101101111101010
0101011101001100100011111
0101011101001101111100100
0101011101011110001100000
0101011101011111100010100
0101011101100101000011010
0101100000001010001001101
0101100000001111100010000
0101100000010000000001101
0101100000010111111110111
0101100000111000000011110
0101100001000000100101100
0101100001000011111101001
0101100001010110011011000
0101100001101010110010110
0101100010000001111100010
0101100010000110100000011
0101100010001010000001011
0101100010100110110000010
0101100010101101001011110
0101100010111010101001110
0101100011011101101100011
0101100011111111010110010
0101100100010111000001011
0101100100100011111001101
0101100100100111010001011
0101100101010100001011110
0101100101011101010000110
0101100101100001011110000
0101100101101110000110011
0101100101110000001110010
0101100101110010011111011
0101100110000011100001111
0101100110001001010000101
0101100110001011101001011
0101100110010011100001011
0101100110111110110010011
0101100111000110100100101
0101100111100000010101011
0101100111110010000000000
0101100111110111000110110
0101101000001101001010110
0101101000010011000001010
0101101001000101100000101
0101101010001100011110001
0101101010010110110100011
0101101010011100110100100
0101101011000110000101000
0101101011000111000100011
0101101011100110001101010
0101101100000001010100101
0101101100110111100111010
0101101100111001010111000
0101101101001000000000001
0101101101001101101100111
0101101101010100010110000
0101101101011011001100100
0101101101100100111010100
0101101101101010111111011
0101101110001101111101100
0101101111011101001010101
0101101111100001010111101
0101101111111001110010000
0101110000001100101100000
0101110000010111101000111
0101110000110101010000000
0101110001000011001011001
0101110001000110001011110
0101110001111011110000001
0101110010001110110111001
0101110010110100010110011
0101110010111010110010101
0101110011000111101111100
0101110011010101000000000
0101110011011111100100011
0101110011111011110001100
0101110011111110100110001
0101110011111111000010110
0101110100110101111101011
0101110101000101010000111
0101110101001111110000110
0101110101100111001101100
0101110101110011011011111
0101110101111001110101110
0101110110000110000010011
0101110110011100001010010
0101110111010100011000001
0101111000100001110110110
0101111001000001000110001
0101111001011011101000101
0101111001101001111100011
0101111001101011000110011
0101111001101011110011101
0101111010000100111001011
0101111010001101001100001
0101111010010010110010111
0101111010011110111111011
0101111010101111000001001
0101111011101001110110000
0101111011101100010010011
0101111011110001100100100
0101111100101001100110111
0101111101010001000001001
0101111101011001110101111
0101111101100111100101000
0101111101110011001101101
0101111110010001010011111
0101111110110101000110010
0101111110111011101010011
0101111111101001001110110
0110000000100000011110000
0110000000100110101101111
0110000000111001001101000
0110000001000100111110011
0110000001010011010000100
0110000001010110001011001
0110000001010111100110111
0110000001100110000000010
0110000001111000011010010
0110000010001011101101011
0110000010001101111100111
0110000010010011011100011
0110000010100001110001110
0110000010100001111111001
0110000010111000101111011
0110000011100011110010001
0110000011101011011111010
0110000100101110000010011
0110000100110101010001011
0110000100111010111100111
0110000100111011000110111
0110000101100101011011110
0110000101110010101111000
0110000110001100111110110
0110000110011001001011110
0110000110011110111101111
0110000110110011001110011
0110000110111101011000100
0110000111100000101000111
0110000111100101000101010
0110000111101011011100101
0110000111101111010111000
0110000111111100101000110
0110001000011111010001111
0110001000011111111111010
0110001010001010101111000
0110001010001011100000101
0110001010100101010000100
0110001010101001011000010
0110001011000000011110011
0110001011001001111101001
0110001011001100010110000
0110001011101110111100101
0110001011110000111000001
0110001100111101110100110
0110001101011100101001101
0110001101011110010101101
0110001101100101000011001
0110001101110100011110101
0110001101111001010010011
0110001101111001100010110
0110001110011110010011000
0110001110101000110101111
0110001111000100000000001
0110001111110001000011110
0110001111110110100010011
0110010000000111101111011
0110010000001100110100101
0110010000011111011100000
0110010001000101111011110
0110010001010010001000001
0110010001011100101110000
0110010010011010111101110
0110010010101101000100010
0110010010110010101101111
0110010011101011111101001
0110010011110110111001000
0110010100000000111101010
0110010100000111111111010
0110010100011100100010111
0110010100101000011111111
0110010101001001011101010
0110010101001011110100101
0110010101101101001010100
0110010110000011101100100
0110010110010100100111100
0110010110010110001001000
0110010110011110101101110
0110010110111011101100010
0110010110111100011011110
0110010111000100111100111
0110010111010000111100000
0110011000100001010111001
0110011001111111100110101
0110011011001001110101111
0110011011010000001111001
0110011011100111110011100
0110011100000001100111110
0110011100000101100110011
0110011101010011001000100
0110011101100100001010010
0110011101110110100101000
0110011110010001111100011
0110011110100111001111111
0110011110100111011101101
0110011110101011000110001
0110011110110011001010011
0110011111010110000001100
0110011111101101011011010
0110100000010100001100100
0110100001001000010111111
0110100001001011100111011
0110100001010111100100010
0110100001110100100111011
0110100001110110111111010
0110100001111010000100100
0110100010010000011011110
0110100010011000011001001
0110100010011110100101001
0110100010100101101110100
0110100010111011100010011
0110100011001101110110010
0110100011001110100110110
0110100011010010111000110
0110100011101110110110110
0110100011110001000011101
0110100100000110010000000
0110100100000111100011110
0110100100110101010011110
0110100100111101011100110
0110100101001101010101011
0110100101001101101101110
0110100101010011100101111
0110100101100110111101001
0110100110001110101011111
0110100110010001010010001
0110100110100111100111110
0110100110110101000100011
0110100110110110101110010
0110100111000111001111010
0110100111010101101001101
0110100111011001010011001
0110100111100111111111101
0110100111101110111000010
0110101000000110000101100
0110101000001010001000000
0110101000010000100110100
0110101000010111010011111
0110101000011011110001010
0110101000110001101010110
0110101001001100001000110
0110101001111100001111011
0110101010010010100010011
0110101010011110011001100
0110101010101111111111001
0110101011110110001011001
0110101100000100101111110
0110101100010001011011100
0110101100100011000111110
0110101100110100101011001
0110101101001011001101110
0110101101101111110000001
0110101110001100001101010
0110101110010110000000100
0110101110101101101110010
0110101111001000110001100
0110101111010100111101000
0110101111110100101010111
0110101111110101010011100
0110110000001100101000000
0110110000010110110001010
0110110000100111001010011
0110110001010010001001001
0110110001010110111110001
0110110001011110001110010
0110110001100011100101100
0110110001111011111011111
0110110010000100111001110
0110110010010001011010000
0110110010010100110011101
0110110010011100011111001
0110110010011110011000011
0110110010100111001110110
0110110010101010101101101
0110110010111010010111011
0110110011001011111011010
0110110011001111011001111
0110110011010100100110010
0110110011100011110001110
0110110011110000010111001
0110110011111101110101100
0110110100001100011110001
0110110100101010101000110
0110110100111000101100110
0110110101010110100000101
0110110110011100101001010
0110110110101010011001010
0110110110111000011110101
0110110110111010111001011
0110110110111101010101010
0110110111001010011111011
0110110111010011111111010
0110110111110000010010011
0110111000000100010000001
0110111000010100000111101
0110111000010100010001010
0110111000101101001111100
0110111000111100111011011
0110111001011100000011000
0110111001101111011000110
0110111001110010100010101
0110111001111111110101010
0110111010101110011000110
0110111010111111110111111
0110111011011101010110001
0110111100000000000101010
0110111100011001001001001
0110111100101110011101010
0110111100111000101010011
0110111101001010011010011
0110111101110010001010000
0110111110000001000100101
0110111110110111010010010
0110111111000011000111011
0110111111010000001000010
0110111111010110010001000
0110111111011100101110001
0110111111101001000000100
0110111111101010000010110
0110111111110011010000011
0111000000001010100100100
0111000001010110110101100
0111000010111001100111101
0111000011000011000111110
0111000011000100100011010
0111000011000100111000111
0111000011101010101110010
0111000011110000010100011
0111000100011000011110010
0111000100101001011100010
0111000100101100110101011
0111000101101100100110000
0111000101110010110011001
0111000110001000011100111
0111000110011000010100010
0111000110101110111111010
0111000110110000010100001
0111000110111000001001111
0111000111010001000000011
0111000111010100001000011
0111000111111000111000001
0111001000001111011110010
0111001000010100101101100
0111001001000000110100111
0111001001001001101111100
0111001001010001010010100
0111001001011001111010000
0111001001101001100110110
0111001001111000110110000
0111001010000100110100110
0111001010001101111011111
0111001010100111010111101
0111001010111000101111101
0111001010111011100001101
0111001011001001100110000
0111001011011101001110111
0111001011100011000100010
0111001011101000000001010
0111001100000110000100000
0111001100101101101110100
0111001100101111011001000
0111001101000000001111100
0111001101000100110010001
0111001101010001000001111
0111001101010011011010001
0111001110010010000100001
0111001110010010001010101
0111001110111001001001101
0111001110111111001110000
0111001111010100010010111
0111001111011000100110001
0111001111100101011110011
0111010000011101100001100
0111010000111100111101010
0111010000111101101111001
0111010001000100101001010
0111010001100000000000000
0111010001100000011100010
0111010001110101001110011
0111010001111111010000100
0111010010100101001001000
0111010010101010111111100
0111010010110011011100110
0111010011001001001111011
0111010011010001101100001
0111010011100000101001000
0111010011100001000101001
0111010011111000100100101
0111010011111001000001011
0111010011111101101000011
0111010100001001000000110
0111010100010110110101111
0111010100101000011010001
0111010100101010111101111
0111010100111000110001001
0111010100111101011110100
0111010101000011101011110
0111010101010110101111011
0111010101100100101111010
0111010101101111100011010
0111010101110100011111110
0111010101111101101011011
0111010110111111001000011
0111010111000110011100011
0111010111001010100010001
0111010111010010001011001
0111010111110011000000001
0111011000010100100000011
0111011000101111001000001
0111011001000010001100001
0111011001001110011110100
0111011001101011011111111
0111011001110001010000100
0111011010011110001010011
0111011010110101001101101
0111011011010001001101000
0111011011101000101111001
0111011100111110011000110
0111011101001010011000110
0111011101010101111111000
0111011101100110110000111
0111011110011101001101100
0111011110101100111011011
0111011110111010000111110
0111011110111010001000111
0111011110111100001010001
0111011110111110011010101
0111011111100010001010010
0111011111101100011111011
0111011111101111011001001
0111011111110101001100110
0111011111111001101100011
0111011111111010011110000
0111011111111010111101110
0111100000000110011100011
0111100000001111110010100
0111100000011011011101001
0111100001000100011110001
0111100001001000010010111
0111100001001111010101101
0111100001100100000101001
0111100001101100011100000
0111100001101101100001011
0111100010000011111011111
0111100010000110111110110
0111100010010010001001001
0111100010110001100101101
0111100010111000011000100
0111100010111100011111110
0111100011001001001101011
0111100011010111000101010
0111100011011100001010111
0111100011101111010010011
0111100101010101101011011
0111100101011010100100010
0111100101110000001011001
0111100101111001011101010
0111100110000000110110100
0111100110011101101110001
0111100111000010101111011
0111100111000100000001010
0111100111100001100011101
0111100111110111001100100
0111101000110001100000111
0111101000110101111110000
0111101000111010011110100
0111101001001010110011111
0111101010000100011100101
0111101010011110001101111
0111101010011111100110000
0111101010011111101111110
0111101011010110111101101
0111101011101111111010110
0111101100011111010101101
0111101100100001111100011
0111101101000100001000001
0111101111000111101000010
0111101111001001110011110
0111101111110001011101100
0111110000000001011001010
0111110000100111010100100
0111110000100111101011101
0111110000101110100110010
0111110001010001010000001
0111110001100011101001111
0111110010000011010001010
0111110010010111101110011
0111110010110001001011011
0111110011000101000011010
0111110011000111001101101
0111110011001100101010011
0111110011011101110011111
0111110100001011001000101
0111110100011110000010111
0111110100100000100111110
0111110101001101101000010
0111110101100011010010111
0111110101111111001010111
0111110111100110010111011
0111111000001000100100111
0111111000001010011001010
0111111001011101000010100
0111111010010010101110101
0111111010011111000110000
0111111010100010001000111
0111111010110111110010000
0111111011000010111001101
0111111011001000110001110
0111111011001110010100001
0111111011010011011110001
0111111100010110110010001
0111111100110101001011110
0111111100110110110010101
0111111101001101011111110
0111111101101101101100010
0111111110011101011110010
0111111110111010101001000
0111111111011110100001000
0111111111011111111001000
