100000000000100111001111
100000000001001111001011
100000000100001011001100
100000000101100110011011
100000000101110000011110
100000000110111011001100
100000001011110000100110
100000001101011011011100
100000001110101010100111
100000001110110100101010
100000010101001101010100
100000010111010010011110
100000011010101111011111
100000100000001100111101
100000100000100101110110
100000100000100110010011
100000100010010000001110
100000100011001110110100
100000101010011001111111
100000101011001001010100
100000101111101110101111
100000110001010100110101
100000110011011110100000
100000110111100011100000
100000111000011110011110
100000111001001111000011
100000111001011101011101
100000111100111010100011
100000111111100100100000
100000111111111001111011
100001000000010011010001
100001000000100101111010
100001000011001101010111
100001001000000011000000
100001001111000101011111
100001001111001010010010
100001010000011011110010
100001010011100000010011
100001011011010000111101
100001011011110001100100
100001011101001100010100
100001011101101001110000
100001011110000100001000
100001011110001100111001
100001100110111011000111
100001101011011011101110
100001101100001010110001
100001101101101100110000
100001110010000011000011
100001110011011011101110
100001111000010111011110
100001111010110100110110
100001111101011001011101
100001111111000010111011
100010000101010011100011
100010000110100011110100
100010001100011011110110
100010001110010111011101
100010001110100011111100
100010001111010001011001
100010001111101110100111
100010001111101111011101
100010010000101010010100
100010010000101111011001
100010010011111111110001
100010010100100000110111
100010010100111101100010
100010010110110011001000
100010100001101010001000
100010100010101011110010
100010101011000001101110
100010101100101100110010
100010101100110100001010
100010101110100110010110
100010101111011000011111
100010110000011101010101
100010110000110110001101
100010110100100110101101
100010110101110011000100
100010111010010100101100
100010111010101011111111
100010111110001100100101
100010111110110010101100
100010111110110110000010
100010111111001011010011
100010111111100010001011
100010111111100101100101
100011000000011101000001
100011000000101111101110
100011000011111111101111
100011000110110101100100
100011010010101000000011
100011010010111011101010
100011010101101011100001
100011100000000110000001
100011100000110011100101
100011100011011111001000
100011100100110101000001
100011100100111001000011
100011100110011010111100
100011100110110000110000
100011101110110001100100
100011110010010010111111
100011111010100101001101
100011111110011001011000
100100000010100110010011
100100001100100001011010
100100001110101100100101
100100010010101101000001
100100010011101011000101
100100011001000000011011
100100011101011111111000
100100011110100010101111
100100011111001111001111
100100011111010001111110
100100100000010000001000
100100100001010000110111
100100100001010111101000
100100100001101100110111
100100100110101011001101
100100101000110001100011
100100101001111111011011
100100101011101111010110
100100110001100110000111
100100110100101100110110
100100110100101101001110
100100111000110100100110
100100111010010101110110
100101000010100000110000
100101000010110110110111
100101000100101101101011
100101001000100111001110
100101001100011110011110
100101010001010000000101
100101010110011000110000
100101011000100010110111
100101011111100111100100
100101100011110101100110
100101100110110001001000
100101101000101001001001
100101101110100110011001
100101110000001111000110
100101111010111000100111
100101111011110110010111
100101111100111011000101
100110000001001011011100
100110000111010111110100
100110000111101001011010
100110001011110110111111
100110010001111010011010
100110010101111101110111
100110010111100110001001
100110011001100100111101
100110011001111111100011
100110011010100110001001
100110011110011100010001
100110100001011101010101
100110100110001010011111
100110101000001001000011
100110101101100000111101
100110101110000111100001
100110101110011001110010
100110101110011111101001
100110101111001101101110
100110111011101100000100
100110111110100110100101
100111000110011001100111
100111001001101100000110
100111001011111100011000
100111010101111000111110
100111011000010011010000
100111011000101111101110
100111011001111110001110
100111011010001011100010
100111011100000101100000
100111100001000110010100
100111100001010000111111
100111100101000100000011
100111100101101000110101
100111100101101011011011
100111101001010011110010
100111101010010001110100
100111101110100100110110
100111101110111100100001
100111110000010010110100
100111110001100110111110
100111110010000010010011
100111110101101111111100
100111110111100000111000
100111111011111000011000
100111111100100111110001
100111111111111000011001
101000000001010001000011
101000000100101111101101
101000001001111001111000
101000001011011111000101
101000001111010111100111
101000010100000011101001
101000010100110010101000
101000011000011100011001
101000011000111001101111
101000011010011001100011
101000011110011100111111
101000011110110001111110
101000100000010111111011
101000100010011000101010
101000100111100000111101
101000100111110101110010
101000101011011010001010
101000110010100000110100
101000110101010111001000
101000111000001100110001
101000111000011001111101
101000111110010001000001
101001000001111110001001
101001000010010101110000
101001000111100100010000
101001001000000001010011
101001001010001011101110
101001001010111000010110
101001001011110111100001
101001001101011101000100
101001001101111001001010
101001010000100000001000
101001010011011000110110
101001011100100110000100
101001100010001000111100
101001100010110011000000
101001100010111100111001
101001101001101101011000
101001110101010100000010
101001110110101001110101
101001110111110001010111
101001111010101010100000
101010000010101000001010
101010000100001000011101
101010000100100011111000
101010000111101101110010
101010001010110011001100
101010001011011000111010
101010010000111100001100
101010010001010110000100
101010010001110001001101
101010010010000011001111
101010010010010100010110
101010010010011010011000
101010010010101010000100
101010011110110110010100
101010100001010010110100
101010100010001011100010
101010100011101111101100
101010100100000111000000
101010100100111001011011
101010100101101111101111
101010100110111111111011
101010101100100101001110
101010101101111101101010
101010101110101001110010
101010110110001011011011
101010110111001011100011
101010111000101100110011
101010111001000100110110
101010111001001111101100
101010111111001001011011
101010111111001010011110
101011000100100010011111
101011000101111011001011
101011010000000110010011
101011010000011100001011
101011010010100110100111
101011010011111001001000
101011010101100111000001
101011011001111111100110
101011011011001101001000
101011011110110011010111
101011100000000001011000
101011100111111001100000
101011101000010000100101
101011101100101110010001
101011101101001000100000
101011101110011110011000
101011101111110100011100
101011110000110101111010
101011110010001000001001
101011110100000100101111
101011110100101001110000
101011110111010011101010
101011110111111011011100
101011111011001110000000
101011111011010111000110
101011111101001011110101
101011111110001010101001
101100000000111001100001
101100000100011100010011
101100000100100100011000
101100000101010110111100
101100000110111001111000
101100000111100111111001
101100001011001101010110
101100001101111111011000
101100001110101110011010
101100010000000101100001
101100010000110001110100
101100010100010010010100
101100010100011011001101
101100010101100110010100
101100010110000011111001
101100011001110101111000
101100011100100001001010
101100011111001111111010
101100100001001001110001
101100100001110011101010
101100100110110111000000
101100101000011100111010
101100101000100110111110
101100101001101110100010
101100101010100101001100
101100101100000111000001
101100101100001101010000
101100101101011010101101
101100101110010001010000
101100101111110001011101
101100101111110111011000
101100110100010011101001
101100110100010100101001
101100110101001010111000
101100111001110101101011
101100111011110100111011
101100111110011010110110
101101000000100110000000
101101000110101100011010
101101001001100011010101
101101001011100010101010
101101001111010001111000
101101010111011010110011
101101010111101010111001
101101011000010101000001
101101011011100111010100
101101011100010111111110
101101100000011010010110
101101100011110111010011
101101100100010110111101
101101100101010010011100
101101100111010000111111
101101110001101001000011
101101110010111100011100
101101110100000101010110
101101110100001111101100
101101110101001001100111
101101111011000100001110
101101111011010110110001
101101111101001101100110
101101111111111011010010
101110000000110110011101
101110000100010100010001
101110000100100001000000
101110000100111000101001
101110000111011111000010
101110001010000010001001
101110001101110011110001
101110010001000101100110
101110010100110011100001
101110010100110111000101
101110011000001110111101
101110011110011101101010
101110100111111100000010
101110101000100010000111
101110110010000000101000
101110110011111010111111
101110111001111111011100
101110111011000001010000
101110111011110010101010
101110111100101101000001
101110111101000111010111
101110111110100111000100
101111000000001001001011
101111000000011010000111
101111000000100010011010
101111000010110001111000
101111000100001011110101
101111001000100111000000
101111001001011010100010
101111010011100110011110
101111010101101111010101
101111011011000101110001
101111011100000011001000
101111100100010101111011
101111100101100011101111
101111101000011011000010
101111101011000000001000
101111101100010101011101
101111101111000000000011
101111101111001111001101
101111110000000001110101
101111110000011010001100
101111110001001111111000
101111110011100111001111
101111110101101010101011
101111111001011110010101
101111111001100110001000
101111111010011010111001
101111111010111110111000
101111111011010101101001
101111111100001101100001
101111111110101100110000
110000000011110001010000
110000001001001011101111
110000001010001111111100
110000001101100110010001
110000001101110001110100
110000010010010010011101
110000010011110100010001
110000010011111010010011
110000011000100111011110
110000011000111111000111
110000011011110011110100
110000100010110001100111
110000100101011111010100
110000100101011111101000
110000100110001001010111
110000101010101001100100
110000101010101011001010
110000101100000000011101
110000101100101001101011
110000110010010000011100
110000110010011010101111
110000110011000010000000
110000110100110110011010
110000110110100000110111
110000110110110100111101
110000111011101110100101
110000111100101111111110
110001000001111111100011
110001000010111100111011
110001000110100001001001
110001000111011100011101
110001001010111001110001
110001001111110101100101
110001001111110111111101
110001010010001011011111
110001010010101101111011
110001010111110110111010
110001011101001011100110
110001100001111011101110
110001100011111110011101
110001100101110000111000
110001101000111010000110
110001101110011110111111
110001101111000100001010
110001110001100100110110
110001110110100111000100
110001111110110111001101
110010001010100100001101
110010001110010111111111
110010001111110010100100
110010010001111110000111
110010010010010100001011
110010010010110000010111
110010010111111100111111
110010011000010101000101
110010011010110011001011
110010011011101111100011
110010011101010000100000
110010011110011001100111
110010100101001110011110
110010100101010011011001
110010100111100010111001
110010101000110010101001
110010101111000110100100
110010110001010100011010
110010110011001011111001
110010110110010010100101
110010110111000010010100
110010111001000110011000
110010111010110001111110
110010111101100011110111
110010111101110000000000
110010111110110010101010
110010111111101111101000
110010111111111001110011
110011000010101011111001
110011000100101111001100
110011001000101011110000
110011001010011011100100
110011001010111111100111
110011001101011011101011
110011001111000101111100
110011010000000010100001
110011010001111101101001
110011010010110111011101
110011010100010111111110
110011010100101101110011
110011011010000001101001
110011011101001000101010
110011100001010011000110
110011100010111110010011
110011100100101101011010
110011100111000010011011
110011101000111111000011
110011101110101010111011
110011110000100001100000
110011110001110000010001
110011111010110001110100
110011111010111011010010
110011111100111101010101
110011111101110110000000
110011111110111101011001
110100000000101010110011
110100000000101111100111
110100000010011100000001
110100000010011111001001
110100000011011011101110
110100000111111001001010
110100001000100001010110
110100001001011010110000
110100001010111001000000
110100001110000111000000
110100010001000110100111
110100010101011111101100
110100011000010100000101
110100011000111010010111
110100011000111101001101
110100011010100001010100
110100011011101101100101
110100011101100010011100
110100011110110110011101
110100100000011101100110
110100100010111101001101
110100100101000110101101
110100101000000001111010
110100101000000010111100
110100101110010100110110
110100110011011011000111
110100110101100011110101
110100111011110010001010
110100111101001000010011
110100111110010001011100
110100111110011111000100
110100111110110100100000
110101000001000011111011
110101000001010001100011
110101000100001101001011
110101001000000111110001
110101001000100011100000
110101001001101010001101
110101001110000110111001
110101001111101000011011
110101010011011011011001
110101010011101000100011
110101010110100011101010
110101010110111101010001
110101100000011101000100
110101100011010000010100
110101100111000100011110
110101100111011111110111
110101100111110001100010
110101101111000101100110
110101110011110011100011
110101110110110001011101
110101111011110011001000
110101111101101100010100
110110001000101001000111
110110001001010100100010
110110001111010000101100
110110010000011100110111
110110010001001010000011
110110010001011101101101
110110010010011010001011
110110010100000001100110
110110010100110001111111
110110010110100010111110
110110011010111010101111
110110011011111100000101
110110011101100101111011
110110011101101110010011
110110011111110101010100
110110100001110011111010
110110100010010101110101
110110100100011101001111
110110100101000011010101
110110100111111100010000
110110101000110011110110
110110110001000010100001
110110110001111100011001
110110110011001100010110
110111000010010010110101
110111000101110001100100
110111000111010100101000
110111001000100011001101
110111001011100111110111
110111001011110011001110
110111001101010100100010
110111010101111011111010
110111010110111001100110
110111011000000011000111
110111100011001101110001
110111100100001111110110
110111100101110010110001
110111100111101111000001
110111101000100101001101
110111101001100110111011
110111101100001101011100
110111101100111110101011
110111110000000111111100
110111110001100100111101
110111110011010110100001
110111110101010011111101
110111110111101011100000
110111111010011100110100
110111111100111000000110
110111111101101011010100
111000000111111111011000
111000010000110111001110
111000010000111010100010
111000010010011100000101
111000010011011100101111
111000010110110001011011
111000011000011010001110
111000011101011000100000
111000100101101111110000
111000100110111000100100
111000101001001100111000
111000101011001011100111
111000110000101011100010
111000110000101110000111
111000110000110101011111
111000111000111101101001
111000111010011011110101
111000111010101100110110
111000111011010110011100
111001000010110110100101
111001001001110001100100
111001001011011001111000
111001001100011100001001
111001001110001010100010
111001010000011100010111
111001010001000011001011
111001010001001111010010
111001010001101101001110
111001010001110000110000
111001010010111110001011
111001010110010110010110
111001010110100111001110
111001010110111001001111
111001011001110111010010
111001011010010101101110
111001011101111011001000
111001011111000011111100
111001100000100110010001
111001100000111010101000
111001100010110011101111
111001100101100111111110
111001101001001101010100
111001101110001100010101
111001110001011000011110
111001110001011010010111
111001110011110101001001
111001110100011011110011
111001110111100111010110
111001111010101010000111
111001111011110100011100
111010000111100100110010
111010001001101010101101
111010001001110000100011
111010001010000001100101
111010001010011111100111
111010001011110000111100
111010001101100110001111
111010001111110000110010
111010010011111111011110
111010010100010010001110
111010010101101001110100
111010011001001011000011
111010011010101101010101
111010011100111011110010
111010011110000000000101
111010011110010000110010
111010100001011101010001
111010100011100101101100
111010100110111010110010
111010101101110110100111
111010101110110001110001
111010110101100111000011
111010111000001110101101
111010111000010000010111
111010111010010101001010
111010111101011001011101
111011000001100110100011
111011000010101111001000
111011000101011000001010
111011000101011001010110
111011000110000001101000
111011001001110110110011
111011001111111000110110
111011010011100000011111
111011010100001001010110
111011010101000111011100
111011010110001001001010
111011010111001010001100
111011011001001000111000
111011011010111000110100
111011011111010111010001
111011100011011111011111
111011100100011110000110
111011100110101101111010
111011101010000111101101
111011101010100010000000
111011101010110011110110
111011101100010001000010
111011110000000001111111
111011110001111110001100
111011110101011111010001
111011110111100110011100
111011110111111101101101
111011111010101010111000
111011111111001110100000
111100000010001010100110
111100000011110000111110
111100000100100001101111
111100000110110000111010
111100001001110011111111
111100001100011101011001
111100010001000111111100
111100011010000011010001
111100011010111010100100
111100011011011111100101
111100011100110010100111
111100011100111011010011
111100100101011011001100
111100101001110010001001
111100110010001010001011
111101000000100011101011
111101000110000101101011
111101001001010100001010
111101001111000001001111
111101001111001000010011
111101010001110100000001
111101010010000110000010
111101010010011010010000
111101010011001001010011
111101010100000001111000
111101010101110101101000
111101010111010001011101
111101010111010100100110
111101010111011101010111
111101011000111011111101
111101011011110010111011
111101011101001111110101
111101011110001111011001
111101100000101111001110
111101100001101100001011
111101100001101101100011
111101100110100001100100
111101101111100111100000
111101110000001100001000
111101110001111101111110
111101110010010000000010
111101110011010100110010
111101110100000100101111
111101110111111010001011
111101111010111010011100
111101111110111101100111
111101111111111010011011
111110000000111110110001
111110000000111111011011
111110000011011001100101
111110000011111110110101
111110000100100110000101
111110000101000111010001
111110001010100111000001
111110001011001000100100
111110010000010110101100
111110010000100010000101
111110010001011011111110
111110010001101111100011
111110010110000111010011
111110010111111100110011
111110011001001110000110
111110011001101010101000
111110011110000101111101
111110100001111000000111
111110100110000011000000
111110100110011001111010
111110100110110001000001
111110100111000101010111
111110101000010010100111
111110101101011110110001
111110110101000000011100
111110110110101001011110
111110111010111101110100
111110111100101101110111
111110111100101111001000
111110111110111100010010
111111000000110100100000
111111000100111001110100
111111000111011101010100
111111001000000001011000
111111001001100111110110
111111001010010110001100
111111001110001010000101
111111001111100111100011
111111010001001000110110
111111010010000101001001
111111010011001000101000
111111011000111001000101
111111011010110110001000
111111011110110100001010
111111100010011001100101
111111100011010011010110
111111101100011100111110
111111110000100101010011
111111110010100010000101
111111111000010101101010
111111111010111011110000
