100000000010100000000010
100000000100001101011010
100000000101110110110010
100000001001101110001001
100000001011000010111011
100000010101100010111000
100000010110001011110111
100000010111101000100010
100000011111101010011110
100000100000010100110110
100000100100000011101111
100000100111000010010000
100000101111000000100110
100000110000110111110001
100000110010101010000110
100000110011010000100011
100000110100000100100001
100000110100110100000110
100000110110000011101110
100000110111001110111001
100000111001010110111010
100000111101010110000000
100000111110000010000111
100000111110111110001001
100001000000001101111110
100001000011101011111110
100001000100010001011011
100001000100100011010011
100001001001111111011100
100001001010011011101110
100001001110100010001010
100001010101111000100110
100001011000000000110101
100001011001000110011010
100001011001110000101111
100001011101100000111111
100001011110000011010110
100001100000101001100111
100001100001111100001010
100001100111100110001001
100001101010110001100010
100001101100111100000001
100001101101010011001011
100001101111000110000011
100001110010011001010110
100001110011001011101011
100001110101000001110110
100001110111100001000000
100001111100111010101000
100001111101001101100000
100001111111001000001100
100010000110111001111011
100010010101111001111001
100010010111001011101100
100010011100101000111111
100010011100101100111011
100010100000110111011001
100010100100000010001001
100010100101100011001010
100010101011101010101001
100010110001010011001100
100010110100011000010110
100010110111001010100000
100010111000001011001011
100010111001111001100010
100010111010100110000111
100010111110101100110011
100011000011011001011000
100011001000101100101100
100011001010110110111101
100011001100010110100010
100011001110101111000010
100011001111010110011100
100011010000100001101110
100011010011000011010001
100011010100100000000011
100011011010100011010101
100011011100011001000111
100011011100111011010110
100011011101110100110100
100011100001011101101000
100011100010010010010110
100011100010111001011100
100011100110100111111100
100011100111111010010010
100011101101110000111001
100011101110100001001011
100011110001011000100110
100011110100110010000101
100011111100011111000100
100100000001000111100010
100100000100010001000111
100100000101100010000010
100100001000010110000010
100100001001001100001110
100100001010111101100010
100100001100100000001001
100100010011110001111011
100100010101101101111001
100100011001100000111011
100100011011101101000000
100100011100000101001110
100100011101110101010010
100100100000000010110010
100100100010010101100000
100100100100100101101100
100100100100110001101110
100100100101101001001100
100100101011101011011001
100100101101111001010111
100100101111010110001010
100100110110101101101110
100100110111111100011110
100100111001000100000111
100100111010011011100110
100100111100010110000100
100100111111010110000000
100100111111011001100110
100101000011111100100010
100101000100111010101001
100101000101011000101010
100101000111000011101110
100101001111110011101001
100101010001100010100001
100101010001111010100100
100101010101011111111011
100101010110011100111110
100101011001010001101010
100101011011001100010111
100101100010111010011101
100101100100011100101000
100101100110000011101011
100101100110111111011010
100101100111100011010101
100101100111110101101011
100101101000010000111001
100101101011111100100001
100101110001111101011010
100101110101000000111010
100101110101111001000100
100101111001101100111111
100101111001110011110001
100101111010100010100110
100101111010110110100001
100101111011101110001001
100101111100100010100111
100101111100111011111001
100101111110101100001001
100110000010101011011001
100110000010111110100010
100110000111000110011111
100110000111101001111110
100110001001010111010111
100110001001100010101000
100110001001110011100110
100110001011100100000100
100110001110110011001110
100110001111010101000111
100110010110010011100011
100110011001001000011100
100110011100010000100000
100110011110011111000100
100110011111111001001001
100110100000011000100010
100110100010110110100001
100110100011000111101010
100110100100111110001001
100110100110000110010110
100110101011110000111010
100110101100110011101100
100110101110001001100100
100110101111110110001010
100110110100110010101001
100110110101000010010101
100110110101100110100000
100110111000010010001100
100110111000110111000111
100110111011001111111100
100110111011100110100001
100110111101010111010110
100110111110010100100110
100111000111010000010101
100111001100100000011011
100111001111001110001100
100111010000101010011001
100111010001000110101111
100111011001111000010100
100111011100101000000000
100111011111100101000010
100111100011100000000001
100111100101011111101100
100111100111101010110010
100111101001100111110100
100111101100100000110011
100111101110011001101001
100111101111000011110111
100111101111100101101111
100111110000001110010011
100111110000110001000010
100111110000110111000100
100111110011000101101000
100111110011010010101101
100111110100011100010011
100111111001000111111110
101000000000100011101010
101000000101011001101001
101000010001100111011100
101000010101000101101101
101000010110110001100001
101000010111011011011110
101000011000001011000000
101000011001001001011111
101000011011010100100101
101000100010101010110110
101000100011101001000001
101000100011111100001010
101000100111000111011010
101000101000010110001011
101000101110111000011110
101000110010011110000001
101000110011011010001111
101000111000011110011100
101000111110101111011000
101000111111001011101010
101001000010100111011101
101001001001101010101000
101001010000011110000001
101001010010100000011100
101001010011001011001100
101001010100011010000101
101001011010101010100111
101001011100001001110001
101001011101000011110000
101001011101100011100011
101001011101110100110001
101001011111111000110011
101001100001011010000111
101001100110011000000100
101001100110101101100001
101001101100101000000110
101001101110100110000011
101001101110111100001010
101001101111011011101001
101001110000011110100101
101001110000101001001111
101001110100010101000000
101001110111101000111000
101001111101000111110010
101001111110101011111100
101010000001000110111110
101010000011111010010101
101010000100001011001011
101010000100111000110010
101010000101110001100110
101010000110001110000010
101010000110010111011011
101010000111011001100100
101010001101011110010110
101010010011011111101101
101010010101001001110001
101010010101101001100111
101010011010001100010110
101010011010101011011111
101010011100100011110100
101010011111000000000010
101010100000101011101101
101010100000110101100111
101010100000111000001111
101010100111100101111101
101010101000111100101101
101010101010001110000110
101010101011111100011011
101010101110001001011010
101010110010000001000100
101010110100101100110010
101010110101101101000011
101010110111011000011011
101010110111011010111010
101010111011100101111010
101011000000111111011011
101011000110101101111001
101011000111010000010110
101011001001101101011011
101011001101010010110100
101011010001111000111001
101011010011100000110101
101011010101101100100010
101011011000001000000101
101011011101001001101101
101011011101001111110011
101011011101010010100000
101011011111011000100011
101011100011010010101000
101011100110100000110000
101011101000101111101100
101011101011010001100010
101011101100010110110000
101011101101010011101111
101011101110101100101010
101011110001001010110010
101011110001100010110010
101011110011110000000001
101011110100101110001111
101011110101111110110010
101011111001111011000111
101011111011000101100000
101011111011010011100100
101100000101100001001010
101100001011000010111101
101100001110011110111110
101100001111001000011101
101100010000000101011100
101100010000101110101100
101100010000111101001011
101100010101000001000010
101100011000100110101111
101100011011011011001101
101100011011011100100101
101100011110101010010110
101100100010001100101000
101100100011011010100110
101100100011111100011001
101100100111010101000010
101100101001100111001110
101100101001101011001111
101100101011101011000110
101100101110100011100000
101100101110101001110001
101100101111111111111011
101100110000010010111011
101100110000010101000000
101100110110101011000111
101100110111010010000110
101100111101111001000111
101100111110011011001111
101100111110101010110110
101100111111100010010011
101101000100011000000101
101101000101101111011111
101101000111000110000010
101101000111100101110111
101101001000111100000011
101101001011001110110110
101101001101010100010101
101101001110001010001001
101101001110001100011110
101101001111101010100011
101101010000001100100110
101101010111111110010111
101101100000010110101001
101101100001101000100100
101101100010000010001001
101101100011000111111001
101101100101110011111101
101101101001100001011010
101101101010100101101010
101101101101011111011100
101101101101110110001011
101101101110000111110100
101101101110110001011010
101101110100011110100001
101101110101110101000001
101101111001100110101100
101101111011010011000010
101101111101111100100010
101110000000001111110110
101110000001000101010101
101110000011100011010110
101110000100001000001111
101110000100010111000000
101110000100011100010000
101110000111100101111000
101110001000101111000111
101110010000101001100001
101110010001001000100001
101110010101011001111100
101110010111110010001110
101110011001010110000100
101110011001110110010101
101110100101010001010001
101110101000111101001101
101110111011110001010000
101110111110111010010001
101110111111011001111001
101110111111111100111010
101111000001000011101101
101111000001101101000110
101111000001111111011000
101111000011001010111010
101111000011110100100011
101111000101010110000101
101111000110100011110111
101111000111100100110001
101111001000000000110011
101111001001001101110010
101111001010111011000111
101111001111011001000110
101111001111011011011101
101111010001001000110110
101111010010110001011000
101111010101110001000110
101111010101110010000000
101111010111010001100101
101111010111100110100111
101111011000010111000101
101111011011101010110111
101111011111011011011001
101111101101000100111111
101111101101101110011101
101111110011000111011111
101111110110010010001010
101111111000001010111101
101111111101101100010111
101111111111011110011000
110000000000011100111000
110000000001000001110111
110000000011111110111000
110000000111100000010001
110000001001100000110001
110000001100110111111010
110000001101100100010000
110000001110110101011100
110000010001110000000110
110000010100010111110111
110000010110101100111101
110000011001001001111001
110000011001100001000100
110000011001110100001110
110000011010100110110000
110000011010101110000001
110000011111110000011001
110000100001000111001001
110000100010001100111011
110000101011000111110011
110000101011010110110010
110000101110101110001100
110000110000111011101111
110000110101000000011001
110000110101111101011111
110000110110100100110000
110000110111111000111000
110000111011010110001111
110000111110011111001101
110001000001011011100101
110001000101001001111100
110001000111111000110111
110001000111111101011000
110001001000010111110111
110001001010011001001101
110001001011000011100000
110001001111010100001001
110001010011101010010100
110001010110100000100111
110001011001101101001101
110001011010010110011000
110001011010100110011000
110001011011100111000110
110001100000011000011001
110001100001100100001110
110001100010111001010111
110001101010001001111001
110001101011100100110001
110001110001010100000111
110001110100001000000001
110001111100100000001101
110001111101000100011100
110001111110000110101001
110001111111101110001000
110001111111110101100100
110010000011000110010100
110010000100100000111010
110010000111110010111010
110010001010010010100111
110010001110111110101010
110010001111000011100100
110010010010011111011011
110010010010100111100000
110010011000010011001001
110010011001000100011111
110010011101001010000100
110010011101110001000011
110010100001110011011010
110010100010001010010110
110010100010010101110011
110010100111111101101110
110010101001010111101101
110010101001100010111011
110010110100000000010000
110010110100100101111001
110010110110000110000101
110010111101011010000011
110010111110010100111010
110010111111100001011110
110010111111111101111111
110011000000000101010001
110011000001101111001000
110011000011010001111110
110011000111010111100000
110011001000110101010011
110011001001100010101000
110011001010101011011110
110011001111101111011010
110011010001101101010111
110011010010001100001001
110011010010110011011010
110011011101101100100100
110011100010101000011100
110011100100110000100000
110011100111000111110100
110011100111001000001000
110011101010000001010110
110011101111110101101110
110011110000001001000101
110011110001001001110101
110011110010000100101010
110011110010000111111110
110011110011011101101110
110011111000010100110110
110011111000111011100111
110011111001101100011001
110011111100110000001111
110011111101110011000110
110011111110101101101110
110100000001000011001000
110100000011100010001011
110100000101111111010000
110100001000001000000011
110100001000111011111001
110100001101001100011011
110100010001010111000011
110100010101011011100001
110100010111011101010000
110100011000011101000001
110100011101001000001001
110100011101010111000100
110100011111101001111001
110100100100001110101101
110100100100101011010011
110100101001100101101111
110100110010101101011100
110100110101011100000100
110100110110010010111000
110100110111001001001001
110100111010110011001100
110100111101101011001101
110100111110100110101111
110100111111010000100111
110100111111010011000101
110100111111100110001010
110101000011010100011101
110101000101001110001110
110101001001010110001000
110101001001111010100011
110101001101010001110101
110101001101111001100000
110101001110001001111010
110101001110010110111100
110101001110100100101100
110101010000100000010101
110101010100100111100100
110101010111101110001100
110101011000001100101001
110101011100111011000111
110101100010100011101101
110101100100100010010001
110101100100101001001000
110101101010010111010101
110101101010101101001001
110101111000100000000011
110101111011000101001011
110101111011100000011000
110101111101000110101111
110101111110100001010000
110110000000011111111001
110110000001011011011101
110110000001101111011000
110110000011001001010111
110110000100110001111101
110110000101000011110001
110110000110000100000011
110110000111111101000111
110110010010100100011110
110110010100100110011101
110110010101001010101100
110110010110100011110010
110110010111111000011010
110110011010011000010001
110110011100001100011110
110110011110101110011011
110110011110101111100101
110110011110110000101110
110110011110111001010001
110110011111100100000111
110110011111111110110010
110110100110100101010111
110110101001001110110011
110110101110010100011011
110110110100010011110010
110110110100011111010100
110110110101110011000001
110110110111010110000100
110110111001100001010101
110110111101101101001100
110110111110001101101001
110110111111110110110001
110111000010110001111100
110111000111010101010101
110111001011001100000001
110111001011101010101110
110111001100000110111101
110111001100101100011111
110111010000110101011001
110111010001110001111010
110111010010000011101000
110111010010111101111111
110111010011001100001001
110111010100011100111111
110111010100011111111000
110111010100100001101010
110111010100101001011110
110111011000101100010100
110111011010001111010000
110111011100011010011100
110111100110111010011010
110111100111010101111110
110111100111110000011100
110111101100000100001101
110111101100001000000001
110111101101011100101111
110111110001100111100000
110111110001111000010110
110111110011011101011100
110111111000001001000010
110111111000011001100100
110111111110111001000111
110111111111101000001000
111000000000010000011010
111000000000100100100011
111000000100011110111010
111000000110111100101101
111000001000011110010011
111000001001011111001010
111000001001100000010100
111000001100110010110010
111000001101011011100100
111000001101101100010010
111000010010011001000000
111000010100001101111110
111000010101011001110000
111000010101100000001110
111000011110111011000010
111000100000101000101000
111000100001111111110011
111000100011000010100100
111000100100100011000101
111000101001110011100101
111000101010000010110001
111000101010100100000000
111000110000101100010010
111000110001110011001011
111000110010001001110011
111000110010010010101001
111000110111010011010001
111000111101010110000110
111000111110010011010000
111000111111100000100111
111001000000000111100001
111001000100000111100110
111001000110000010101001
111001001000101000101010
111001001011110010010110
111001001110111100111111
111001001111100001001010
111001010000000010010001
111001010000001011010010
111001010101011010011010
111001010101101000000100
111001010101101001000100
111001010111000101101101
111001011100010000110001
111001100101100111100111
111001100110111101000011
111001100111010000111110
111001101001001111101011
111001101010000011101100
111001101011101000101100
111001110000010011010000
111001110010111100000000
111001111011001110001010
111001111011101010000101
111001111100111000110100
111001111101111110111111
111001111111011111110110
111010000100101101011010
111010000101001001000000
111010000110100111011110
111010000110110000001110
111010001000001110010101
111010001000101000011011
111010001001110110101000
111010001010010110101010
111010001100011111010101
111010010000101101011010
111010010010111100110000
111010010101011100001110
111010011000010011111100
111010011010001010011010
111010011010001011010101
111010011100100001111100
111010011101010100000000
111010011110101110010111
111010011111010110100010
111010100101011000100111
111010101001101001010000
111010101010100101101100
111010101011001101011101
111010101100010001100110
111010101100101111011110
111010101101110000011111
111010110010011101011010
111010110010101110110000
111010110101011110001001
111010111010101010111010
111010111011110101100001
111010111101110011110010
111010111101111111110011
111011000010000010000001
111011000010011111110100
111011000110001010111011
111011001001011110010011
111011001010011101000011
111011001110111111111111
111011001111000100000111
111011010000001111101010
111011010010110100000101
111011010110101100011110
111011011101111101110100
111011011110000000110111
111011100010000100010100
111011100011000011111001
111011100011000101011011
111011100011100110001010
111011100101101011100100
111011101000101100000000
111011101001111100011001
111011101100001011111011
111011101110110011110010
111011110110010011101111
111011110111111100010010
111011111100011100111101
111011111100100101111100
111100000001101001001101
111100000101101100100001
111100000110100110110110
111100001000011110001000
111100001000100010011110
111100001001011110001000
111100001001110000110100
111100001001110110101110
111100001010101100101001
111100001111101000011010
111100001111101100001110
111100010001111011010110
111100010010101100000110
111100010011010000001011
111100010110000001100100
111100011001100011110010
111100011010000101011111
111100011011111000000101
111100011100000001000001
111100011100011011100001
111100011100110100111100
111100101000101101010001
111100101001111000011010
111100110000001100101000
111100110010101010000011
111100110100100110011111
111100110110110111110110
111100110111010110100101
111100111001010001000011
111100111110101111001011
111101000010010101001010
111101000100101110001111
111101000101010000000110
111101000101110000100111
111101000110011111010111
111101000111111110100111
111101001000000010110111
111101001011011010110111
111101001100110111111100
111101001101010001001001
111101010010101011110001
111101010011100110100011
111101010111000111100001
111101011111011011011001
111101100101000001111000
111101101011011011001011
111101101100000001000010
111101101110001110111101
111101101111111001000110
111101110000111001011000
111101110001101111010011
111101110101100111100011
111101110101101101110011
111101111000001000001110
111101111010111111101110
111101111110011101001001
111101111110110101110111
111110000010010000010101
111110001001101100101110
111110001010110101010100
111110010011011101100100
111110010111100010001001
111110010111100110011001
111110011001000011111011
111110011001111000011111
111110011101011011111010
111110011110001101001100
111110011111011000111001
111110011111011111110001
111110100011011101100001
111110100100100101000110
111110100101111100001011
111110100110010000010101
111110100110100111001011
111110100111111101010010
111110101001111101011010
111110101011000111100011
111110101101001000111100
111110101101101001010001
111110110000010001011111
111110110011110111100010
111110110100000000110101
111110110101100011011101
111110110111011011000111
111110111000010001110011
111110111010111111010101
111110111101000101101000
111110111111000101000111
111111010001001111011110
111111010010011100011101
111111010100000111000101
111111010111111101111010
111111011000100101001101
111111011001011110010111
111111011100000100101101
111111011101111001000111
111111100001100000110010
111111100001110100110100
111111100100100001001001
111111100100100100110000
111111101011001100111100
111111101011101001111000
111111101101100100000101
111111101110100101111011
111111110000001110011011
111111110000110011111101
111111110100000011000011
111111110101010001110001
111111110110010001100000
111111111100011111101101