100000000000001001010111
100000110101011101110001
100001001101111101000110
100001101000111000011110
100001110011000100010001
100010001000001010101101
100010010111101010110010
100011011111000101111111
100100001111110001111110
100100110100101111000000
100101000010100000011100
100101001011101110101011
100101101110001110110110
100101110110001001000100
100110011010000110010101
100110011010100011110001
100111001011010001011110
100111001011011101111101
100111111100011100001100
101000011101000000000010
101001100011100101001110
101001100101101011100100
101001101000101001010111
101011010110011110111110
101100010110111000001111
101100100111001011110101
101100111000110010011001
101101101000010100001011
101111000001000010011110
101111011011110000010101
101111011111000101100011
101111100000101001101101
101111111100000011011100
110000010010100001000010
110000101001101000010010
110000101010000010100001
110000110000111110110000
110000110100001101101011
110000111010000101110110
110001010010100000010101
110001100011110001000001
110001100111011111001101
110010001000011100101011
110010010100010100110100
110010100100001011000000
110011110111111011010001
110011111001100111000010
110011111101000011001100
110100000101100001000001
110100101110001001111001
110100110110011000010110
110101101111111100000001
110101110011011010111000
110101110011101110111110
110110100010101010111001
110110101011111110001011
110111100010001101011010
110111110011001100100110
111000000101100101110001
111000010001100111110100
111000100001100111011011
111000101011100100111100
111001000100110011001011
111001010010011001101101
111001011011110000011110
111001111011001011011101
111010001100100010011100
111010100000001010010101
111010100100101011100011
111010101011111111100111
111011010111110100110000
111011011100101111010101
111100101001000111011101
111101100011110010100101
111110001110101010110001
111110010011110011010000
111110101011000110010110
111110101110010010011111
111111011001110101110011
111111101010110000101000
