100000000001001001010101
100000000111001100001010
100000001000001001010100
100000001001010110101011
100000001001111101100101
100000001101111101101010
100000001111111000101101
100000010010011110101110
100000010101101000011010
100000011000110011000011
100000011001010111001110
100000011001111000010101
100000011010000001010110
100000011111010000011110
100000011111011110001000
100000011111011111001000
100000100000111011110001
100000100110000110110101
100000101111011101101011
100000110000110011000111
100000110001000111000010
100000110011000101101111
100000110011111001110000
100000110101011110110000
100000111010001001010100
100000111100110010000100
100001000101000100001110
100001000101100000001001
100001000110101110111000
100001000111110101000011
100001001001010101111010
100001001110100011011110
100001001110111111000100
100001010000011101100010
100001010000100110010010
100001010010000100011001
100001010010011110011111
100001010011101100101100
100001010100001100101110
100001010110010101011001
100001011010100011011110
100001011100110010110100
100001011111010010010010
100001100010001010000000
100001100100000000011110
100001100100000001011001
100001100110011000000000
100001100111001010000100
100001101000100100011011
100001101001001100100110
100001101111001110101011
100001110011011111010100
100001110100011011110000
100001110101000011100001
100001110110000111101010
100001110110100101100010
100001110111100110100011
100001111100010011011110
100001111100100100110100
100001111111010100001101
100010000100100000111110
100010000101101011100101
100010000111101001110110
100010000111110101110111
100010001011111000000101
100010001100010101111000
100010010000000000111111
100010010011010100010111
100010010100010011000111
100010011000110110000011
100010011000111010001011
100010011010000101101110
100010011100101010001001
100010100000100010100010
100010100111110011111000
100010100111110110111011
100010101011111010011000
100010101100111001111101
100010101100111011011111
100010101101011100001110
100010101111100001101000
100010110010100010000100
100010110011110010011101
100010110110000001111111
100010111000101001110110
100011000000001001110011
100011000001110010010110
100011000110010011000001
100011000110011100000000
100011001011011111010001
100011001111100010100101
100011010000011100111010
100011010010010100001100
100011010010011000100010
100011010011010100001100
100011010011100110111000
100011010011101100110010
100011010100100010101101
100011011001011110011110
100011011001100010010010
100011011011110001011010
100011011100100010001010
100011011101000110001111
100011011111110111101000
100011100011011001110110
100011100011111011100011
100011100101101110001001
100011100101110111000101
100011100110010001100101
100011100110101011000000
100011110010100011010101
100011110011101110011110
100011111010000010101100
100011111100100000000111
100011111110011100100011
100100000000101101111010
100100000001001100101001
100100000011000111000111
100100001000100101001111
100100001100001011001110
100100001110100100010011
100100001111000110001010
100100001111100110101011
100100010000010101011011
100100010001110100101011
100100010001111000111011
100100010101010000111011
100100010110101110000000
100100010111000111001101
100100011100100001110101
100100011101011100100111
100100100000111101100101
100100101001010001011101
100100101110110111111100
100100110101010001001111
100100110101110111000110
100100111000000101000001
100100111001101111001010
100100111010101111011100
100100111011100101010111
100100111111011101100111
100100111111100011110111
100101000001111110010010
100101000100110101110010
100101001000010011001101
100101001000101011111011
100101001100000110011001
100101010011100010110010
100101010100101011011000
100101011101010011101000
100101100001011000001101
100101100001011100011101
100101100010111001111111
100101100011101110100011
100101100111010001111110
100101101000000011010000
100101101001001110111101
100101101001010101110101
100101101101010011100101
100101101110011011001010
100101101111110010001111
100101110000000110011001
100101110000011101001111
100101110001110011010110
100101110011110011011110
100101110100111101100111
100101110110111111000000
100101110111011111010101
100101111010000111100011
100101111101101101100110
100101111101110110111001
100101111111011001100001
100110000001010001001011
100110000010000111110111
100110000100110101011001
100110000110111011101100
100110001000111011001011
100110011011000101100010
100110011100010010100001
100110011101111101001001
100110100001110011111110
100110100010011011010001
100110100011010100011011
100110100101111010110001
100110100111101111001011
100110101011010110110110
100110101011101010111000
100110101110010111001101
100110101110011010110100
100110110101000011000000
100110110101011111111100
100110110111011010001001
100110111000011011111111
100110111010000100011111
100110111010101010000001
100110111101111001000111
100110111111000111110101
100111000000000111100100
100111000110010101110001
100111001100100001010110
100111001101000100110001
100111001110000101001001
100111001110010000111111
100111010001010000101100
100111010101110001110101
100111010111000101001001
100111011000110011011000
100111011011010110110101
100111011100000111001000
100111011101100001000000
100111011111010100001100
100111100000110100010011
100111100110010100111001
100111101010110101101101
100111101010111110111011
100111101011001011111011
100111101111101100100001
100111110001001111001111
100111110011101110111111
100111110100110111101011
100111110101001000100110
100111110111001111100001
100111111000011111001110
100111111001100001100011
100111111011010111010110
100111111011111101001110
100111111100110001001101
100111111100110111100001
100111111101110000110100
100111111110110100110100
101000000100111001110001
101000000101001111011100
101000000110000001011011
101000000110101110010001
101000000111000000011001
101000001101001010111010
101000010101010100001110
101000011000010111100111
101000011010001100100100
101000011100100000000010
101000100101010111000001
101000101000010011001110
101000101000010101011001
101000101100010110001011
101000110000110110100001
101000110001110100101001
101000110001111011110111
101000110011110010110011
101000110101001110010011
101000110110001000011010
101000110110011010010010
101000110110111111001011
101000111001111110001010
101000111011111110111010
101000111100000110111110
101000111110000010111011
101001000000101100001001
101001000011111110110111
101001000100010101010101
101001001101010111100000
101001001110101000101010
101001010000010000011111
101001010000101001100001
101001010010111010101000
101001010011110110111101
101001010100000000010101
101001010100001011010111
101001010110000111001100
101001011110100001011001
101001100010101100100100
101001100011110001111011
101001100101100101101101
101001100110110101001110
101001101000001000100111
101001101000101010110001
101001110001010101000101
101001110001101101111110
101010000010011100000111
101010000011100011011001
101010001000010011100010
101010001000111100101111
101010001010000101100110
101010001100101011100010
101010001110001010001111
101010001111010001110100
101010010001111111101011
101010010010010100100000
101010010111110001110010
101010011000100010000011
101010011010100111011000
101010011110000001000011
101010100000011000101000
101010100001110011110110
101010100011100111101000
101010100111000001011010
101010101010011111100111
101010101110001000110011
101010110010110000000011
101010110100010010000000
101010110100010010001000
101010111000000100111001
101010111001110011110010
101010111100000100101000
101010111101110011001111
101010111110000100100100
101010111111011010101101
101011000000000111001010
101011000000010001011010
101011000101000111011110
101011000111100101001101
101011001000001010000100
101011001100100000000110
101011001110110010101011
101011010000010011000010
101011010100101001111110
101011010100110111101101
101011010111101010111001
101011011000000001110101
101011011000100011111101
101011011001001101000011
101011011011101000110001
101011011110001010010111
101011011111110001100001
101011100010111010110010
101011100111001011111101
101011101111111001100111
101011110001111011010100
101011110110100101111110
101011111111111100101000
101100000011000100100010
101100000101110010100010
101100001001000110110100
101100001010011111101110
101100001011000011100111
101100001011110110000100
101100001101110011101000
101100010011011110001111
101100010100100100000110
101100010111110000011101
101100011001001110011010
101100011001110011100111
101100011010011110001100
101100011011010001101111
101100011100000011011000
101100011110011100100111
101100011110111001100111
101100011111101000110111
101100100000111001011111
101100100001010100110000
101100100100001000001100
101100100110011101010010
101100100111101011001110
101100101001000000000001
101100101001000001010000
101100101100011100010010
101100101101000000010000
101100110010001100001001
101100110011011100100010
101100110101000110010110
101100111101110110101000
101101001000001010010100
101101001101010010010010
101101010000001011001000
101101010110101100110111
101101010110111110011010
101101011001110011101111
101101011011100100101101
101101011110001100001101
101101100001000001110001
101101100011010001110110
101101100100000001000101
101101100111111001110101
101101101000011001110111
101101101000110010100110
101101101100110011110101
101101101101000001111111
101101101110011101000101
101101101110111011010010
101101110000100111000001
101101110000110000101000
101101110010010111000000
101101110110100111100110
101101111001000101110101
101101111010011000101110
101101111010111110001100
101101111011000001011010
101101111011001000011101
101101111011110011100100
101101111101100111010100
101101111110111010010010
101110000000110001111001
101110000110001101111100
101110001100110111010110
101110001100111010101110
101110001101101101011101
101110010001110000001111
101110010100010100000011
101110010101111100000011
101110010110011000011001
101110011111001111111000
101110011111110101100010
101110100000101101100100
101110100101010101010100
101110100101011011011100
101110100110111011100010
101110101000111101011000
101110110001011101010001
101110110100011100111011
101110110111010000001110
101110111000000010110101
101110111010111011001110
101110111101010001000011
101111000000100111001011
101111000001101011111001
101111000010000010011010
101111000011101000010000
101111000100011111011010
101111001100100010001100
101111001111010011100010
101111010001111100001110
101111010010100111111010
101111010010110011100110
101111010110010011000100
101111011010010100110001
101111011110001010101011
101111100011111001100011
101111100110110000000011
101111101000011011010011
101111101000110101001110
101111101010010111000001
101111101011100101100000
101111101111100101000001
101111110000001111011100
101111110011011110111100
101111110100001101011000
101111110110011010000000
101111110111011110011000
101111111000000010001011
101111111000010011010000
101111111011001010010011
101111111110001100000010
110000000100100111010111
110000000101010010001000
110000000101101011011101
110000000110011011011111
110000000110110110111101
110000000111111010110111
110000010000111111111001
110000010010110111011010
110000010011001100101111
110000010110011100011101
110000011101001111111101
110000100000110110101111
110000100001110001101001
110000100010101000101000
110000100011001110100100
110000100111100001111101
110000101000001111101111
110000101000100011010110
110000110100111111110101
110000110110100010110111
110000110111110101111100
110000110111111000111110
110000111000101011111000
110000111100001000110100
110000111100011100000100
110001000101101011101111
110001001000100011001011
110001001000101000001100
110001001001100101010000
110001001101001101110100
110001010000000010001010
110001010000100111001010
110001010010110010000100
110001010111110111001000
110001011000100000101101
110001011001111111111111
110001011101010000010011
110001100000101010110011
110001100000111011100011
110001100011110001010100
110001100100100011001000
110001100101000110010110
110001100101101111111010
110001100111111100010010
110001101010000101000100
110001101101100110101011
110001101111000101001111
110001111000110100110001
110001111000111011001011
110001111010101100110100
110010000001000000000110
110010000011101100101001
110010000101011011011000
110010000111111110001011
110010001111011011011111
110010010101011010101010
110010010110001001111000
110010010110001011110011
110010010110100011111100
110010010111010100111110
110010011000100010000000
110010011100000111011000
110010011101001101110100
110010100001010000100001
110010100100110100010110
110010100100111100010100
110010100101010000111110
110010100101110000001111
110010100111000000100110
110010100111011011010111
110010101000111101001000
110010101001011000011100
110010101010010110101000
110010101011010011110101
110010101100111000100000
110010101101110001110101
110010101110000101110101
110010101110011101001010
110010101111010001101011
110010110001011110110000
110010110010000010110110
110010110011110110101010
110010110111011011110101
110010111010011110110011
110011000000001011111011
110011000001101010001011
110011000011100000011010
110011001000110011100110
110011001010111110110100
110011001011010100001111
110011001111000110110100
110011010011000111001110
110011010100110011100001
110011010101011100100101
110011010110100111011100
110011010111010111011001
110011011000110000100100
110011011110111001110011
110011011111011111100100
110011100000100010011110
110011100001010110010000
110011100101000010010110
110011100111010011011010
110011101000001001000101
110011101100100000111100
110011101101000001110000
110011101101001011111101
110011101101110011000100
110011101101110011111100
110011101110011001001010
110011101110101010100111
110011110000000001001000
110011110011000101000011
110011110100111000011110
110011111010000011100101
110011111100000110110101
110011111100111010001001
110011111101011011011011
110100000000111010110000
110100000101111000010000
110100000110101010001110
110100000111101110110010
110100001000001000000010
110100001010011010100100
110100001101110100110001
110100001111011010100101
110100010100011000011010
110100010110100111101001
110100011010001101000000
110100011010101001100000
110100011011001110010100
110100100000001100001111
110100100000010011011101
110100100101000010110100
110100101000010111011011
110100101000100001000110
110100101100100000110001
110100101101000011111111
110100101110011101010111
110100110000001010111001
110100110010001100001110
110100110011011110011010
110100110100001111100011
110100110101011011100111
110100110101100100011110
110100110101101000000101
110100110110111110101101
110100110111101010110010
110100111100100000101101
110101000000001000101100
110101000000010101010100
110101000011110010101010
110101000111001111000101
110101000111101101100100
110101000111111100010000
110101001000000011111010
110101001000011001100000
110101001000011110010101
110101001101000111000100
110101010011110111110110
110101010101110011111101
110101011000100110101110
110101011110111111111000
110101100000100101000001
110101100001101101101001
110101100010111110010110
110101100111111110110111
110101101000101011111100
110101101001011000110100
110101101100011111100000
110101101110001110000011
110101101110010111110111
110101110100110011001110
110101111000101100110001
110101111000101111010010
110101111000111111100001
110101111101011001100111
110101111111110011110101
110110000000010011110010
110110000001010001100110
110110000010000000010110
110110000110111110101101
110110001011100111101110
110110001011101100001101
110110001100101101000101
110110001101000101001011
110110001111001001001010
110110001111100111101100
110110001111101110010000
110110010010010110001101
110110010100001101100111
110110010100100001001010
110110010110111010001101
110110010111000100111111
110110011001000000010000
110110011001011100000001
110110011011001001100110
110110011011011010001110
110110011011111000000000
110110100111111111111111
110110101010100101100010
110110101100100101011011
110110110000110111100000
110110110010011011101110
110110110111111100001101
110110111000000000110011
110110111000011100000000
110110111001101100111010
110110111010000100100111
110111000000001101000011
110111000111110001001111
110111001011100111001111
110111001100011010011010
110111001100101101101110
110111010001100100010010
110111010001110001011111
110111010101001101111000
110111011001010011011100
110111100010111000111100
110111100011100111001001
110111101001010011011100
110111101100100010111110
110111101110010011010011
110111101110101101110001
110111110010101010101101
110111111100000001101010
110111111101000111100011
110111111111101101010011
111000000000001001100110
111000000001111000100011
111000000011011110100011
111000001001100010000011
111000001100011010001100
111000001100101111101111
111000001101110100111111
111000001111010101010101
111000010010010001000101
111000010011111100100110
111000010101101010000111
111000010110101000010001
111000011010001000101010
111000011010100101001111
111000011100110111010000
111000011110010101001101
111000100000111111110001
111000101100101001101100
111000110001010000101001
111000110111001111001111
111000110111010111100111
111000110111110100001000
111000111100101101001110
111001000001100101010011
111001001001000011011111
111001001010010101111000
111001001100001010010000
111001001100100110010000
111001001101001100010110
111001010011100000111110
111001010011110000101110
111001010101001101000110
111001010101010000011110
111001011001000101111101
111001011100001010100100
111001011100111011111110
111001100000110110001010
111001100001111101110100
111001101110100100010010
111001101110101000000110
111001110100011110010111
111001110110110100101100
111001110110110101010111
111001110111111100101001
111001111001010101100100
111001111011010001011010
111001111100110010101000
111001111101111110111010
111001111110100111110000
111010000001011100011010
111010000010011010111000
111010000100100110001100
111010000100101110001011
111010000111100001011010
111010000111101000111110
111010001101010011101110
111010010000110101001111
111010010010011100100100
111010011001001000000011
111010011001001000001000
111010011001101100011111
111010011010101010111111
111010011100000011100010
111010100011001101101101
111010101001001011010111
111010101011110111111000
111010101100110001000110
111010101100110001100011
111010101101111010001111
111010101111000011111111
111010110110111100011010
111010111101011010011000
111010111110010111110110
111011000101010001001010
111011001101101010000100
111011010010110110011000
111011010111111000110101
111011011010001001100000
111011011011100001000001
111011011100100010110110
111011011101011000100110
111011100010111111110000
111011101000110110101010
111011110001001110010110
111011110001110100101110
111011110010011101110111
111011110011111111011101
111011110101101001000011
111011110111110011100000
111011111001110111001011
111011111010110010101100
111011111111010111010110
111100000001100111100101
111100000001101101011110
111100000011001000101011
111100000011101101001011
111100001010110111010110
111100001101101001100011
111100001101111010100000
111100010011010001010101
111100010011101110111111
111100011000001011010010
111100011001001011101111
111100011011111110100100
111100011111100111010010
111100100111100110011000
111100101100110000000110
111100110000000010111101
111100110000101111000111
111100110011011101111010
111100110101000011100010
111100110110111000101001
111101000000001100010001
111101000000101011010111
111101000010011101100000
111101000010110100001110
111101000011101001000001
111101000111110111001000
111101001000001010111001
111101001000011110101001
111101001000101100111101
111101001011101011000101
111101001110011101110101
111101010000111000101001
111101010110010111100111
111101011000101011001001
111101011010111101000000
111101011110000100100101
111101011111011101011001
111101100110110111100100
111101101000010111001100
111101101001101010111110
111101101101010100111010
111101101101110100000110
111101110100110011100010
111101110101000100001101
111101110101000100101000
111101110101101011101000
111101110110001100101111
111101111000011001010100
111101111110010000100100
111101111111000000110000
111101111111110110001000
111110000100011000101011
111110000111100011100000
111110001001010101001110
111110001001110001110100
111110010010011101110101
111110010101000101010100
111110011000001000110011
111110011011100100100010
111110011110011000110010
111110100100010101011100
111110101001001010101000
111110101111111010011010
111110110100001101100001
111110111000101000000101
111111000001100000001111
111111001101101101100011
111111010001100001111000
111111011100111000001010
111111011101001100110000
111111011101110010111110
111111011110011001101010
111111011111100111111101
111111101000101000000000
111111101001110000110011
111111101111011001100000
111111110000010100001100
111111110001011001110100
111111110101110010001110
111111110110001100000111
111111110110111011000100
111111111000000010100001
111111111000110110101000
111111111001111000100111
111111111110001010011001
