100000100111010000101111
100000101010011001001101
100000101101001101101010
100000110010101100001101
100000110100111100100111
100001000000001101011010
100001100010011001001010
100001110010100011101101
100010010101110110101000
100010111101101011101010
100011000001110000001111
100011000100011100011010
100011001010000100100011
100011011101000010011101
100011111010111101111110
100011111101100100110100
100100001000110100011010
100101110011000101110110
100101111110111000010010
100110001000000010000011
100110011000000101111001
100110101101100101101010
100111110000111000010100
100111111000110110101010
100111111111111001110010
101000111000111100000111
101000111100001111011010
101001011111101111111101
101001110101100000101101
101010000010000001001111
101010011010010111110010
101010011100111001010101
101010100110001111001011
101010111011001110101010
101011000110010101001000
101011100101100011000100
101011100111101011010110
101011101100001011100100
101011101110011011110000
101100000000100011110010
101100100000010011000010
101100110001011001011001
101101000011101001110101
101101011001001011001011
101101101100111101101110
101110111010000100010111
110000001000100101011100
110000010011100000101100
110000011101000001010000
110000011110010000001001
110000101001101110110111
110000111010010100101001
110000111010011111010011
110000111110001011000100
110001101000110110000110
110010100001111110001001
110010110010100101110000
110011100010011100110011
110011101000100000011010
110011110101100001001010
110011111010001011000100
110100010111001010011001
110100011000000010100010
110100011001100000100111
110100101011111000001101
110100101100111101111101
110101011111010000000000
110110001001001111111101
110110001011110101011100
110110010001011010110101
110110100001011100101011
110110101001010001011101
110111010001010110010101
110111011000101011100000
110111011110001101111011
110111100000100011000001
111000011001001010001101
111001011100011101100100
111010001101001000000010
111010010001001101100100
111011110011011011110011
111100000000001000111100
111100001000011100110011
111100011000011010110000
111101001110101000000001
111110110101111110000101
111111001010000110011110
111111010110101000110110
