10000000000000
01111100000110
01111000010111
01110100110011
01110001011001
01101110001000
01101011000000
01101000000000
01100101001001
01100010011001
01011111110000
01011101001101
01011010110001
01011000011011
01010110001011
01010100000000
01010001111011
01001111111010
01001101111110
01001100000111
01001010010011
01001000100100
01000110111001
01000101010001
01000011101101
01000010001100
01000000101111
00111111010100
00111101111100
00111100101000
00111011010101
00111010000110
00111000111001
00110111101110
00110110100110
00110101100000
00110100011011
00110011011001
00110010011001
00110001011011
00110000011110
00101111100011
00101110101010
00101101110011
00101100111101
00101100001000
00101011010101
00101010100011
00101001110011
00101001000100
00101000010110
00100111101001
00100110111110
00100110010011
00100101101010
00100101000001
00100100011010
00100011110100
00100011001110
00100010101010
00100010000110
00100001100011
00100001000010
00100000100000