10000000000000
01111101000100
01111010001110
01110111100000
01110100111000
01110010010110
01101111111010
01101101100011
01101011010001
01101001000101
01100110111101
01100100111010
01100010111011
01100001000000
01011111001001
01011101010101
01011011100110
01011001111010
01011000010001
01010110101011
01010101001000
01010011101000
01010010001011
01010000110001
01001111011001
01001110000011
01001100110000
01001011100000
01001010010001
01001001000101
01000111111010
01000110110010
01000101101011
01000100100110
01000011100011
01000010100010
01000001100010
01000000100100
00111111101000
00111110101100
00111101110011
00111100111010
00111100000011
00111011001110
00111010011001
00111001100110
00111000110100
00111000000011
00110111010011
00110110100100
00110101110110
00110101001001
00110100011101
00110011110010
00110011001000
00110010011111
00110001110111
00110001001111
00110000101001
00110000000011
00101111011110
00101110111001
00101110010110
00101101110011
