100000000000000
011111111111100
011111111111000
011111111110100
011111111110000
011111111101100
011111111101000
011111111100100
011111111100000
011111111011100
011111111011000
011111111010100
011111111010000
011111111001100
011111111001000
011111111000100
011111111000000
011111110111100
011111110111000
011111110110100
011111110110000
011111110101100
011111110101000
011111110100100
011111110100001
011111110011101
011111110011001
011111110010101
011111110010001
011111110001101
011111110001001
011111110000101
011111110000001
011111101111101
011111101111001
011111101110101
011111101110001
011111101101101
011111101101001
011111101100101
011111101100010
011111101011110
011111101011010
011111101010110
011111101010010
011111101001110
011111101001010
011111101000110
011111101000010
011111100111110
011111100111010
011111100110110
011111100110011
011111100101111
011111100101011
011111100100111
011111100100011
011111100011111
011111100011011
011111100010111
011111100010011
011111100010000
011111100001100
011111100001000
011111100000100
011111100000000
011111011111100
011111011111000
011111011110100
011111011110001
011111011101101
011111011101001
011111011100101
011111011100001
011111011011101
011111011011001
011111011010101
011111011010010
011111011001110
011111011001010
011111011000110
011111011000010
011111010111110
011111010111011
011111010110111
011111010110011
011111010101111
011111010101011
011111010100111
011111010100011
011111010100000
011111010011100
011111010011000
011111010010100
011111010010000
011111010001101
011111010001001
011111010000101
011111010000001
011111001111101
011111001111001
011111001110110
011111001110010
011111001101110
011111001101010
011111001100110
011111001100011
011111001011111
011111001011011
011111001010111
011111001010011
011111001010000
011111001001100
011111001001000
011111001000100
011111001000000
011111000111101
011111000111001
011111000110101
011111000110001
011111000101110
011111000101010
011111000100110
011111000100010
011111000011110
011111000011011
011111000010111
011111000010011
011111000001111
011111000001100
011111000001000
011111000000100
011111000000000
011110111111101
011110111111001
011110111110101
011110111110001
011110111101110
011110111101010
011110111100110
011110111100010
011110111011111
011110111011011
011110111010111
011110111010011
011110111010000
011110111001100
011110111001000
011110111000101
011110111000001
011110110111101
011110110111001
011110110110110
011110110110010
011110110101110
011110110101010
011110110100111
011110110100011
011110110011111
011110110011100
011110110011000
011110110010100
011110110010001
011110110001101
011110110001001
011110110000101
011110110000010
011110101111110
011110101111010
011110101110111
011110101110011
011110101101111
011110101101100
011110101101000
011110101100100
011110101100001
011110101011101
011110101011001
011110101010101
011110101010010
011110101001110
011110101001010
011110101000111
011110101000011
011110100111111
011110100111100
011110100111000
011110100110100
011110100110001
011110100101101
011110100101010
011110100100110
011110100100010
011110100011111
011110100011011
011110100010111
011110100010100
011110100010000
011110100001100
011110100001001
011110100000101
011110100000001
011110011111110
011110011111010
011110011110111
011110011110011
011110011101111
011110011101100
011110011101000
011110011100100
011110011100001
011110011011101
011110011011010
011110011010110
011110011010010
011110011001111
011110011001011
011110011000111
011110011000100
011110011000000
011110010111101
011110010111001
011110010110101
011110010110010
011110010101110
011110010101011
011110010100111
011110010100011
011110010100000
011110010011100
011110010011001
011110010010101
011110010010010
011110010001110
011110010001010
011110010000111
011110010000011
011110010000000
011110001111100
011110001111000
011110001110101
011110001110001
011110001101110
011110001101010
011110001100111
011110001100011
011110001100000
011110001011100
011110001011000
011110001010101
011110001010001
011110001001110
011110001001010
011110001000111
011110001000011
011110001000000
011110000111100
011110000111000
011110000110101
011110000110001
011110000101110
011110000101010
011110000100111
011110000100011
011110000100000
011110000011100
011110000011001
011110000010101
011110000010010
011110000001110
011110000001011
011110000000111
011110000000100
011110000000000
011101111111100
011101111111001
011101111110101
011101111110010
011101111101110
011101111101011
011101111100111
011101111100100
011101111100000
011101111011101
011101111011001
011101111010110
011101111010010
011101111001111
011101111001011
011101111001000
011101111000100
011101111000001
011101110111101
011101110111010
011101110110111
011101110110011
011101110110000
011101110101100
011101110101001
011101110100101
011101110100010
011101110011110
011101110011011
011101110010111
011101110010100
011101110010000
011101110001101
011101110001001
011101110000110
011101110000010
011101101111111
011101101111100
011101101111000
011101101110101
011101101110001
011101101101110
011101101101010
011101101100111
011101101100011
011101101100000
011101101011100
011101101011001
011101101010110
011101101010010
011101101001111
011101101001011
011101101001000
011101101000100
011101101000001
011101100111110
011101100111010
011101100110111
011101100110011
011101100110000
011101100101100
011101100101001
011101100100110
011101100100010
011101100011111
011101100011011
011101100011000
011101100010101
011101100010001
011101100001110
011101100001010
011101100000111
011101100000100
011101100000000
011101011111101
011101011111001
011101011110110
011101011110011
011101011101111
011101011101100
011101011101000
011101011100101
011101011100010
011101011011110
011101011011011
011101011010111
011101011010100
011101011010001
011101011001101
011101011001010
011101011000111
011101011000011
011101011000000
011101010111100
011101010111001
011101010110110
011101010110010
011101010101111
011101010101100
011101010101000
011101010100101
011101010100010
011101010011110
011101010011011
011101010010111
011101010010100
011101010010001
011101010001101
011101010001010
011101010000111
011101010000011
011101010000000
011101001111101
011101001111001
011101001110110
011101001110011
011101001101111
011101001101100
011101001101001
011101001100101
011101001100010
011101001011111
011101001011011
011101001011000
011101001010101
011101001010001
011101001001110
011101001001011
011101001000111
011101001000100
011101001000001
011101000111101
011101000111010
011101000110111
011101000110100
011101000110000
011101000101101
011101000101010
011101000100110
011101000100011
011101000100000
011101000011100
011101000011001
011101000010110
011101000010010
011101000001111
011101000001100
011101000001001
011101000000101
011101000000010
011100111111111
011100111111011
011100111111000
011100111110101
011100111110010
011100111101110
011100111101011
011100111101000
011100111100101
011100111100001
011100111011110
011100111011011
011100111010111
011100111010100
011100111010001
011100111001110
011100111001010
011100111000111
011100111000100
011100111000001
011100110111101
011100110111010
011100110110111
011100110110100
011100110110000
011100110101101
011100110101010
011100110100111
011100110100011
011100110100000
011100110011101
011100110011010
011100110010110
011100110010011
011100110010000
011100110001101
011100110001001
011100110000110
011100110000011
011100110000000
011100101111100
011100101111001
011100101110110
011100101110011
011100101110000
011100101101100
011100101101001
011100101100110
011100101100011
011100101011111
011100101011100
011100101011001
011100101010110
011100101010011
011100101001111
011100101001100
011100101001001
011100101000110
011100101000011
011100100111111
011100100111100
011100100111001
011100100110110
011100100110011
011100100101111
011100100101100
011100100101001
011100100100110
011100100100011
011100100011111
011100100011100
011100100011001
011100100010110
011100100010011
011100100010000
011100100001100
011100100001001
011100100000110
011100100000011
011100100000000
011100011111100
011100011111001
011100011110110
011100011110011
011100011110000
011100011101101
011100011101001
011100011100110
011100011100011
011100011100000
011100011011101
011100011011010
011100011010111
011100011010011
011100011010000
011100011001101
011100011001010
011100011000111
011100011000100
011100011000000
011100010111101
011100010111010
011100010110111
011100010110100
011100010110001
011100010101110
011100010101010
011100010100111
011100010100100
011100010100001
011100010011110
011100010011011
011100010011000
011100010010101
011100010010001
011100010001110
011100010001011
011100010001000
011100010000101
011100010000010
011100001111111
011100001111100
011100001111000
011100001110101
011100001110010
011100001101111
011100001101100
011100001101001
011100001100110
011100001100011
011100001100000
011100001011100
011100001011001
011100001010110
011100001010011
011100001010000
011100001001101
011100001001010
011100001000111
011100001000100
011100001000001
011100000111110
011100000111010
011100000110111
011100000110100
011100000110001
011100000101110
011100000101011
011100000101000
011100000100101
011100000100010
011100000011111
011100000011100
011100000011001
011100000010101
011100000010010
011100000001111
011100000001100
011100000001001
011100000000110
011100000000011
011100000000000
011011111111101
011011111111010
011011111110111
011011111110100
011011111110001
011011111101110
011011111101011
011011111101000
011011111100100
011011111100001
011011111011110
011011111011011
011011111011000
011011111010101
011011111010010
011011111001111
011011111001100
011011111001001
011011111000110
011011111000011
011011111000000
011011110111101
011011110111010
011011110110111
011011110110100
011011110110001
011011110101110
011011110101011
011011110101000
011011110100101
011011110100010
011011110011111
011011110011100
011011110011001
011011110010110
011011110010011
011011110010000
011011110001101
011011110001010
011011110000111
011011110000011
011011110000000
011011101111101
011011101111010
011011101110111
011011101110100
011011101110001
011011101101110
011011101101011
011011101101000
011011101100101
011011101100010
011011101011111
011011101011100
011011101011001
011011101010110
011011101010011
011011101010001
011011101001110
011011101001011
011011101001000
011011101000101
011011101000010
011011100111111
011011100111100
011011100111001
011011100110110
011011100110011
011011100110000
011011100101101
011011100101010
011011100100111
011011100100100
011011100100001
011011100011110
011011100011011
011011100011000
011011100010101
011011100010010
011011100001111
011011100001100
011011100001001
011011100000110
011011100000011
011011100000000
011011011111101
011011011111010
011011011110111
011011011110100
011011011110010
011011011101111
011011011101100
011011011101001
011011011100110
011011011100011
011011011100000
011011011011101
011011011011010
011011011010111
011011011010100
011011011010001
011011011001110
011011011001011
011011011001000
011011011000101
011011011000010
011011011000000
011011010111101
011011010111010
011011010110111
011011010110100
011011010110001
011011010101110
011011010101011
011011010101000
011011010100101
011011010100010
011011010011111
011011010011101
011011010011010
011011010010111
011011010010100
011011010010001
011011010001110
011011010001011
011011010001000
011011010000101
011011010000010
011011001111111
011011001111101
011011001111010
011011001110111
011011001110100
011011001110001
011011001101110
011011001101011
011011001101000
011011001100101
011011001100010
011011001100000
011011001011101
011011001011010
011011001010111
011011001010100
011011001010001
011011001001110
011011001001011
011011001001001
011011001000110
011011001000011
011011001000000
011011000111101
011011000111010
011011000110111
011011000110100
011011000110010
011011000101111
011011000101100
011011000101001
011011000100110
011011000100011
011011000100000
011011000011101
011011000011011
011011000011000
011011000010101
011011000010010
011011000001111
011011000001100
011011000001010
011011000000111
011011000000100
011011000000001
011010111111110
011010111111011
011010111111000
011010111110110
011010111110011
011010111110000
011010111101101
011010111101010
011010111100111
011010111100101
011010111100010
011010111011111
011010111011100
011010111011001
011010111010110
011010111010100
011010111010001
011010111001110
011010111001011
011010111001000
011010111000101
011010111000011
011010111000000
011010110111101
011010110111010
011010110110111
011010110110100
011010110110010
011010110101111
011010110101100
011010110101001
011010110100110
011010110100100
011010110100001
011010110011110
011010110011011
011010110011000
011010110010110
011010110010011
011010110010000
011010110001101
011010110001010
011010110001000
011010110000101
011010110000010
011010101111111
011010101111100
011010101111010
011010101110111
011010101110100
011010101110001
011010101101110
011010101101100
011010101101001
011010101100110
011010101100011
011010101100000
011010101011110
011010101011011
011010101011000
011010101010101
011010101010011
011010101010000
011010101001101
011010101001010
011010101000111
011010101000101
011010101000010
011010100111111
011010100111100
011010100111010
011010100110111
011010100110100
011010100110001
011010100101111
011010100101100
011010100101001
011010100100110
011010100100100
011010100100001
011010100011110
011010100011011
011010100011000
011010100010110
011010100010011
011010100010000
011010100001101
011010100001011
011010100001000
011010100000101
011010100000010
011010100000000
011010011111101
011010011111010
011010011111000
011010011110101
011010011110010
011010011101111
011010011101101
011010011101010
011010011100111
011010011100100
011010011100010
011010011011111
011010011011100
011010011011001
011010011010111
011010011010100
011010011010001
011010011001111
011010011001100
011010011001001
011010011000110
011010011000100
011010011000001
011010010111110
011010010111011
011010010111001
011010010110110
011010010110011
011010010110001
011010010101110
011010010101011
011010010101001
011010010100110
011010010100011
011010010100000
011010010011110
011010010011011
011010010011000
011010010010110
011010010010011
011010010010000
011010010001101
011010010001011
011010010001000
011010010000101
011010010000011
011010010000000
011010001111101
011010001111011
011010001111000
011010001110101
011010001110011
011010001110000
011010001101101
011010001101010
011010001101000
011010001100101
011010001100010
011010001100000
011010001011101
011010001011010
011010001011000
011010001010101
011010001010010
011010001010000
011010001001101
011010001001010
011010001001000
011010001000101
011010001000010
011010001000000
011010000111101
011010000111010
011010000111000
011010000110101
011010000110010
011010000110000
011010000101101
011010000101010
011010000101000
011010000100101
011010000100010
011010000100000
011010000011101
011010000011010
011010000011000
011010000010101
011010000010011
011010000010000
011010000001101
011010000001011
011010000001000
011010000000101
011010000000011
011010000000000
011001111111101
011001111111011
011001111111000
011001111110101
011001111110011
011001111110000
011001111101110
011001111101011
011001111101000
011001111100110
011001111100011
011001111100000
011001111011110
011001111011011
011001111011000
011001111010110
011001111010011
011001111010001
011001111001110
011001111001011
011001111001001
011001111000110
011001111000100
011001111000001
011001110111110
011001110111100
011001110111001
011001110110110
011001110110100
011001110110001
011001110101111
011001110101100
011001110101001
011001110100111
011001110100100
011001110100010
011001110011111
011001110011100
011001110011010
011001110010111
011001110010101
011001110010010
011001110001111
011001110001101
011001110001010
011001110001000
011001110000101
011001110000010
011001110000000
011001101111101
011001101111011
011001101111000
011001101110101
011001101110011
011001101110000
011001101101110
011001101101011
011001101101001
011001101100110
011001101100011
011001101100001
011001101011110
011001101011100
011001101011001
011001101010111
011001101010100
011001101010001
011001101001111
011001101001100
011001101001010
011001101000111
011001101000101
011001101000010
011001100111111
011001100111101
011001100111010
011001100111000
011001100110101
011001100110011
011001100110000
011001100101101
011001100101011
011001100101000
011001100100110
011001100100011
011001100100001
011001100011110
011001100011100
011001100011001
011001100010110
011001100010100
011001100010001
011001100001111
011001100001100
011001100001010
011001100000111
011001100000101
011001100000010
011001100000000
011001011111101
011001011111010
011001011111000
011001011110101
011001011110011
011001011110000
011001011101110
011001011101011
011001011101001
011001011100110
011001011100100
011001011100001
011001011011111
011001011011100
011001011011010
011001011010111
011001011010101
011001011010010
011001011001111
011001011001101
011001011001010
011001011001000
011001011000101
011001011000011
011001011000000
011001010111110
011001010111011
011001010111001
011001010110110
011001010110100
011001010110001
011001010101111
011001010101100
011001010101010
011001010100111
011001010100101
011001010100010
011001010100000
011001010011101
011001010011011
011001010011000
011001010010110
011001010010011
011001010010001
011001010001110
011001010001100
011001010001001
011001010000111
011001010000100
011001010000010
011001001111111
011001001111101
011001001111010
011001001111000
011001001110101
011001001110011
011001001110000
011001001101110
011001001101011
011001001101001
011001001100110
011001001100100
011001001100001
011001001011111
011001001011100
011001001011010
011001001011000
011001001010101
011001001010011
011001001010000
011001001001110
011001001001011
011001001001001
011001001000110
011001001000100
011001001000001
011001000111111
011001000111100
011001000111010
011001000110111
011001000110101
011001000110011
011001000110000
011001000101110
011001000101011
011001000101001
011001000100110
011001000100100
011001000100001
011001000011111
011001000011100
011001000011010
011001000010111
011001000010101
011001000010011
011001000010000
011001000001110
011001000001011
011001000001001
011001000000110
011001000000100
011001000000001
011000111111111
011000111111101
011000111111010
011000111111000
011000111110101
011000111110011
011000111110000
011000111101110
011000111101100
011000111101001
011000111100111
011000111100100
011000111100010
011000111011111
011000111011101
011000111011011
011000111011000
011000111010110
011000111010011
011000111010001
011000111001110
011000111001100
011000111001010
011000111000111
011000111000101
011000111000010
011000111000000
011000110111101
011000110111011
011000110111001
011000110110110
011000110110100
011000110110001
011000110101111
011000110101101
011000110101010
011000110101000
011000110100101
011000110100011
011000110100001
011000110011110
011000110011100
011000110011001
011000110010111
011000110010100
011000110010010
011000110010000
011000110001101
011000110001011
011000110001000
011000110000110
011000110000100
011000110000001
011000101111111
011000101111101
011000101111010
011000101111000
011000101110101
011000101110011
011000101110001
011000101101110
011000101101100
011000101101001
011000101100111
011000101100101
011000101100010
011000101100000
011000101011101
011000101011011
011000101011001
011000101010110
011000101010100
011000101010010
011000101001111
011000101001101
011000101001010
011000101001000
011000101000110
011000101000011
011000101000001
011000100111111
011000100111100
011000100111010
011000100111000
011000100110101
011000100110011
011000100110000
011000100101110
011000100101100
011000100101001
011000100100111
011000100100101
011000100100010
011000100100000
011000100011110
011000100011011
011000100011001
011000100010110
011000100010100
011000100010010
011000100001111
011000100001101
011000100001011
011000100001000
011000100000110
011000100000100
011000100000001
011000011111111
011000011111101
011000011111010
011000011111000
011000011110110
011000011110011
011000011110001
011000011101111
011000011101100
011000011101010
011000011101000
011000011100101
011000011100011
011000011100001
011000011011110
011000011011100
011000011011010
011000011010111
011000011010101
011000011010011
011000011010000
011000011001110
011000011001100
011000011001001
011000011000111
011000011000101
011000011000010
011000011000000
011000010111110
011000010111011
011000010111001
011000010110111
011000010110100
011000010110010
011000010110000
011000010101101
011000010101011
011000010101001
011000010100111
011000010100100
011000010100010
011000010100000
011000010011101
011000010011011
011000010011001
011000010010110
011000010010100
011000010010010
011000010001111
011000010001101
011000010001011
011000010001001
011000010000110
011000010000100
011000010000010
011000001111111
011000001111101
011000001111011
011000001111000
011000001110110
011000001110100
011000001110010
011000001101111
011000001101101
011000001101011
011000001101000
011000001100110
011000001100100
011000001100010
011000001011111
011000001011101
011000001011011
011000001011000
011000001010110
011000001010100
011000001010010
011000001001111
011000001001101
011000001001011
011000001001000
011000001000110
011000001000100
011000001000010
011000000111111
011000000111101
011000000111011
011000000111001
011000000110110
011000000110100
011000000110010
011000000101111
011000000101101
011000000101011
011000000101001
011000000100110
011000000100100
011000000100010
011000000100000
011000000011101
011000000011011
011000000011001
011000000010111
011000000010100
011000000010010
011000000010000
011000000001110
011000000001011
011000000001001
011000000000111
011000000000101
011000000000010
011000000000000
010111111111110
010111111111100
010111111111001
010111111110111
010111111110101
010111111110011
010111111110000
010111111101110
010111111101100
010111111101010
010111111100111
010111111100101
010111111100011
010111111100001
010111111011110
010111111011100
010111111011010
010111111011000
010111111010101
010111111010011
010111111010001
010111111001111
010111111001100
010111111001010
010111111001000
010111111000110
010111111000100
010111111000001
010111110111111
010111110111101
010111110111011
010111110111000
010111110110110
010111110110100
010111110110010
010111110110000
010111110101101
010111110101011
010111110101001
010111110100111
010111110100100
010111110100010
010111110100000
010111110011110
010111110011100
010111110011001
010111110010111
010111110010101
010111110010011
010111110010000
010111110001110
010111110001100
010111110001010
010111110001000
010111110000101
010111110000011
010111110000001
010111101111111
010111101111101
010111101111010
010111101111000
010111101110110
010111101110100
010111101110010
010111101101111
010111101101101
010111101101011
010111101101001
010111101100111
010111101100100
010111101100010
010111101100000
010111101011110
010111101011100
010111101011001
010111101010111
010111101010101
010111101010011
010111101010001
010111101001111
010111101001100
010111101001010
010111101001000
010111101000110
010111101000100
010111101000001
010111100111111
010111100111101
010111100111011
010111100111001
010111100110111
010111100110100
010111100110010
010111100110000
010111100101110
010111100101100
010111100101010
010111100100111
010111100100101
010111100100011
010111100100001
010111100011111
010111100011100
010111100011010
010111100011000
010111100010110
010111100010100
010111100010010
010111100001111
010111100001101
010111100001011
010111100001001
010111100000111
010111100000101
010111100000011
010111100000000
010111011111110
010111011111100
010111011111010
010111011111000
010111011110110
010111011110011
010111011110001
010111011101111
010111011101101
010111011101011
010111011101001
010111011100111
010111011100100
010111011100010
010111011100000
010111011011110
010111011011100
010111011011010
010111011011000
010111011010101
010111011010011
010111011010001
010111011001111
010111011001101
010111011001011
010111011001001
010111011000110
010111011000100
010111011000010
010111011000000
010111010111110
010111010111100
010111010111010
010111010110111
010111010110101
010111010110011
010111010110001
010111010101111
010111010101101
010111010101011
010111010101001
010111010100110
010111010100100
010111010100010
010111010100000
010111010011110
010111010011100
010111010011010
010111010011000
010111010010101
010111010010011
010111010010001
010111010001111
010111010001101
010111010001011
010111010001001
010111010000111
010111010000100
010111010000010
010111010000000
010111001111110
010111001111100
010111001111010
010111001111000
010111001110110
010111001110100
010111001110010
010111001101111
010111001101101
010111001101011
010111001101001
010111001100111
010111001100101
010111001100011
010111001100001
010111001011111
010111001011100
010111001011010
010111001011000
010111001010110
010111001010100
010111001010010
010111001010000
010111001001110
010111001001100
010111001001010
010111001001000
010111001000101
010111001000011
010111001000001
010111000111111
010111000111101
010111000111011
010111000111001
010111000110111
010111000110101
010111000110011
010111000110001
010111000101110
010111000101100
010111000101010
010111000101000
010111000100110
010111000100100
010111000100010
010111000100000
010111000011110
010111000011100
010111000011010
010111000011000
010111000010110
010111000010011
010111000010001
010111000001111
010111000001101
010111000001011
010111000001001
010111000000111
010111000000101
010111000000011
010111000000001
010110111111111
010110111111101
010110111111011
010110111111001
010110111110110
010110111110100
010110111110010
010110111110000
010110111101110
010110111101100
010110111101010
010110111101000
010110111100110
010110111100100
010110111100010
010110111100000
010110111011110
010110111011100
010110111011010
010110111011000
010110111010110
010110111010100
010110111010001
010110111001111
010110111001101
010110111001011
010110111001001
010110111000111
010110111000101
010110111000011
010110111000001
010110110111111
010110110111101
010110110111011
010110110111001
010110110110111
010110110110101
010110110110011
010110110110001
010110110101111
010110110101101
010110110101011
010110110101001
010110110100111
010110110100101
010110110100010
010110110100000
010110110011110
010110110011100
010110110011010
010110110011000
010110110010110
010110110010100
010110110010010
010110110010000
010110110001110
010110110001100
010110110001010
010110110001000
010110110000110
010110110000100
010110110000010
010110110000000
010110101111110
010110101111100
010110101111010
010110101111000
010110101110110
010110101110100
010110101110010
010110101110000
010110101101110
010110101101100
010110101101010
010110101101000
010110101100110
010110101100100
010110101100010
010110101100000
010110101011110
010110101011100
010110101011010
010110101011000
010110101010110
010110101010100
010110101010010
010110101010000
010110101001110
010110101001100
010110101001010
010110101001000
010110101000110
010110101000100
010110101000010
010110101000000
010110100111110
010110100111100
010110100111010
010110100111000
010110100110110
010110100110100
010110100110010
010110100110000
010110100101110
010110100101100
010110100101010
010110100101000
010110100100110
010110100100100
010110100100010
010110100100000
010110100011110
010110100011100
010110100011010
010110100011000
010110100010110
010110100010100
010110100010010
010110100010000
010110100001110
010110100001100
010110100001010
010110100001000
010110100000110
010110100000100
010110100000010
010110100000000
010110011111110
010110011111100
010110011111010
010110011111000
010110011110110
010110011110100
010110011110010
010110011110000
010110011101110
010110011101100
010110011101010
010110011101000
010110011100110
010110011100100
010110011100010
010110011100000
010110011011110
010110011011101
010110011011011
010110011011001
010110011010111
010110011010101
010110011010011
010110011010001
010110011001111
010110011001101
010110011001011
010110011001001
010110011000111
010110011000101
010110011000011
010110011000001
010110010111111
010110010111101
010110010111011
010110010111001
010110010110111
010110010110101
010110010110011
010110010110001
010110010101111
010110010101110
010110010101100
010110010101010
010110010101000
010110010100110
010110010100100
010110010100010
010110010100000
010110010011110
010110010011100
010110010011010
010110010011000
010110010010110
010110010010100
010110010010010
010110010010000
010110010001110
010110010001100
010110010001011
010110010001001
010110010000111
010110010000101
010110010000011
010110010000001
010110001111111
010110001111101
010110001111011
010110001111001
010110001110111
010110001110101
010110001110011
010110001110001
010110001101111
010110001101110
010110001101100
010110001101010
010110001101000
010110001100110
010110001100100
010110001100010
010110001100000
010110001011110
010110001011100
010110001011010
010110001011000
010110001010110
010110001010101
010110001010011
010110001010001
010110001001111
010110001001101
010110001001011
010110001001001
010110001000111
010110001000101
010110001000011
010110001000001
010110000111111
010110000111110
010110000111100
010110000111010
010110000111000
010110000110110
010110000110100
010110000110010
010110000110000
010110000101110
010110000101100
010110000101010
010110000101001
010110000100111
010110000100101
010110000100011
010110000100001
010110000011111
010110000011101
010110000011011
010110000011001
010110000010111
010110000010110
010110000010100
010110000010010
010110000010000
010110000001110
010110000001100
010110000001010
010110000001000
010110000000110
010110000000100
010110000000011
010110000000001
010101111111111
010101111111101
010101111111011
010101111111001
010101111110111
010101111110101
010101111110011
010101111110010
010101111110000
010101111101110
010101111101100
010101111101010
010101111101000
010101111100110
010101111100100
010101111100011
010101111100001
010101111011111
010101111011101
010101111011011
010101111011001
010101111010111
010101111010101
010101111010011
010101111010010
010101111010000
010101111001110
010101111001100
010101111001010
010101111001000
010101111000110
010101111000100
010101111000011
010101111000001
010101110111111
010101110111101
010101110111011
010101110111001
010101110110111
010101110110110
010101110110100
010101110110010
010101110110000
010101110101110
010101110101100
010101110101010
010101110101000
010101110100111
010101110100101
010101110100011
010101110100001
010101110011111
010101110011101
010101110011011
010101110011010
010101110011000
010101110010110
010101110010100
010101110010010
010101110010000
010101110001110
010101110001101
010101110001011
010101110001001
010101110000111
010101110000101
010101110000011
010101110000010
010101110000000
010101101111110
010101101111100
010101101111010
010101101111000
010101101110110
010101101110101
010101101110011
010101101110001
010101101101111
010101101101101
010101101101011
010101101101010
010101101101000
010101101100110
010101101100100
010101101100010
010101101100000
010101101011111
010101101011101
010101101011011
010101101011001
010101101010111
010101101010101
010101101010011
010101101010010
010101101010000
010101101001110
010101101001100
010101101001010
010101101001001
010101101000111
010101101000101
010101101000011
010101101000001
010101100111111
010101100111110
010101100111100
010101100111010
010101100111000
010101100110110
010101100110100
010101100110011
010101100110001
010101100101111
010101100101101
010101100101011
010101100101001
010101100101000
010101100100110
010101100100100
010101100100010
010101100100000
010101100011111
010101100011101
010101100011011
010101100011001
010101100010111
010101100010110
010101100010100
010101100010010
010101100010000
010101100001110
010101100001100
010101100001011
010101100001001
010101100000111
010101100000101
010101100000011
010101100000010
010101100000000
010101011111110
010101011111100
010101011111010
010101011111001
010101011110111
010101011110101
010101011110011
010101011110001
010101011110000
010101011101110
010101011101100
010101011101010
010101011101000
010101011100111
010101011100101
010101011100011
010101011100001
010101011011111
010101011011110
010101011011100
010101011011010
010101011011000
010101011010110
010101011010101
010101011010011
010101011010001
010101011001111
010101011001101
010101011001100
010101011001010
010101011001000
010101011000110
010101011000101
010101011000011
010101011000001
010101010111111
010101010111101
010101010111100
010101010111010
010101010111000
010101010110110
010101010110100
010101010110011
010101010110001
010101010101111
010101010101101
010101010101100
010101010101010
010101010101000
010101010100110
010101010100100
010101010100011
010101010100001
010101010011111
010101010011101
010101010011100
010101010011010
010101010011000
010101010010110
010101010010100
010101010010011
010101010010001
010101010001111
010101010001101
010101010001100
010101010001010
010101010001000
010101010000110
010101010000101
010101010000011
010101010000001
010101001111111
010101001111110
010101001111100
010101001111010
010101001111000
010101001110110
010101001110101
010101001110011
010101001110001
010101001101111
010101001101110
010101001101100
010101001101010
010101001101000
010101001100111
010101001100101
010101001100011
010101001100001
010101001100000
010101001011110
010101001011100
010101001011010
010101001011001
010101001010111
010101001010101
010101001010011
010101001010010
010101001010000
010101001001110
010101001001100
010101001001011
010101001001001
010101001000111
010101001000101
010101001000100
010101001000010
010101001000000
010101000111110
010101000111101
010101000111011
010101000111001
010101000110111
010101000110110
010101000110100
010101000110010
010101000110000
010101000101111
010101000101101
010101000101011
010101000101010
010101000101000
010101000100110
010101000100100
010101000100011
010101000100001
010101000011111
010101000011101
010101000011100
010101000011010
010101000011000
010101000010110
010101000010101
010101000010011
010101000010001
010101000010000
010101000001110
010101000001100
010101000001010
010101000001001
010101000000111
010101000000101
010101000000011
010101000000010
010101000000000
010100111111110
010100111111101
010100111111011
010100111111001
010100111110111
010100111110110
010100111110100
010100111110010
010100111110001
010100111101111
010100111101101
010100111101011
010100111101010
010100111101000
010100111100110
010100111100101
010100111100011
010100111100001
010100111011111
010100111011110
010100111011100
010100111011010
010100111011001
010100111010111
010100111010101
010100111010011
010100111010010
010100111010000
010100111001110
010100111001101
010100111001011
010100111001001
010100111000111
010100111000110
010100111000100
010100111000010
010100111000001
010100110111111
010100110111101
010100110111100
010100110111010
010100110111000
010100110110110
010100110110101
010100110110011
010100110110001
010100110110000
010100110101110
010100110101100
010100110101011
010100110101001
010100110100111
010100110100101
010100110100100
010100110100010
010100110100000
010100110011111
010100110011101
010100110011011
010100110011010
010100110011000
010100110010110
010100110010101
010100110010011
010100110010001
010100110001111
010100110001110
010100110001100
010100110001010
010100110001001
010100110000111
010100110000101
010100110000100
010100110000010
010100110000000
010100101111111
010100101111101
010100101111011
010100101111010
010100101111000
010100101110110
010100101110101
010100101110011
010100101110001
010100101110000
010100101101110
010100101101100
010100101101010
010100101101001
010100101100111
010100101100101
010100101100100
010100101100010
010100101100000
010100101011111
010100101011101
010100101011011
010100101011010
010100101011000
010100101010110
010100101010101
010100101010011
010100101010001
010100101010000
010100101001110
010100101001100
010100101001011
010100101001001
010100101000111
010100101000110
010100101000100
010100101000010
010100101000001
010100100111111
010100100111101
010100100111100
010100100111010
010100100111000
010100100110111
010100100110101
010100100110011
010100100110010
010100100110000
010100100101111
010100100101101
010100100101011
010100100101010
010100100101000
010100100100110
010100100100101
010100100100011
010100100100001
010100100100000
010100100011110
010100100011100
010100100011011
010100100011001
010100100010111
010100100010110
010100100010100
010100100010010
010100100010001
010100100001111
010100100001101
010100100001100
010100100001010
010100100001001
010100100000111
010100100000101
010100100000100
010100100000010
010100100000000
010100011111111
010100011111101
010100011111011
010100011111010
010100011111000
010100011110110
010100011110101
010100011110011
010100011110010
010100011110000
010100011101110
010100011101101
010100011101011
010100011101001
010100011101000
010100011100110
010100011100100
010100011100011
010100011100001
010100011100000
010100011011110
010100011011100
010100011011011
010100011011001
010100011010111
010100011010110
010100011010100
010100011010011
010100011010001
010100011001111
010100011001110
010100011001100
010100011001010
010100011001001
010100011000111
010100011000110
010100011000100
010100011000010
010100011000001
010100010111111
010100010111101
010100010111100
010100010111010
010100010111001
010100010110111
010100010110101
010100010110100
010100010110010
010100010110000
010100010101111
010100010101101
010100010101100
010100010101010
010100010101000
010100010100111
010100010100101
010100010100100
010100010100010
010100010100000
010100010011111
010100010011101
010100010011011
010100010011010
010100010011000
010100010010111
010100010010101
010100010010011
010100010010010
010100010010000
010100010001111
010100010001101
010100010001011
010100010001010
010100010001000
010100010000111
010100010000101
010100010000011
010100010000010
010100010000000
010100001111111
010100001111101
010100001111011
010100001111010
010100001111000
010100001110111
010100001110101
010100001110011
010100001110010
010100001110000
010100001101111
010100001101101
010100001101011
010100001101010
010100001101000
010100001100111
010100001100101
010100001100011
010100001100010
010100001100000
010100001011111
010100001011101
010100001011011
010100001011010
010100001011000
010100001010111
010100001010101
010100001010100
010100001010010
010100001010000
010100001001111
010100001001101
010100001001100
010100001001010
010100001001000
010100001000111
010100001000101
010100001000100
010100001000010
010100001000000
010100000111111
010100000111101
010100000111100
010100000111010
010100000111001
010100000110111
010100000110101
010100000110100
010100000110010
010100000110001
010100000101111
010100000101110
010100000101100
010100000101010
010100000101001
010100000100111
010100000100110
010100000100100
010100000100010
010100000100001
010100000011111
010100000011110
010100000011100
010100000011011
010100000011001
010100000010111
010100000010110
010100000010100
010100000010011
010100000010001
010100000010000
010100000001110
010100000001101
010100000001011
010100000001001
010100000001000
010100000000110
010100000000101
010100000000011
010100000000010
010100000000000
010011111111110
010011111111101
010011111111011
010011111111010
010011111111000
010011111110111
010011111110101
010011111110100
010011111110010
010011111110000
010011111101111
010011111101101
010011111101100
010011111101010
010011111101001
010011111100111
010011111100101
010011111100100
010011111100010
010011111100001
010011111011111
010011111011110
010011111011100
010011111011011
010011111011001
010011111011000
010011111010110
010011111010100
010011111010011
010011111010001
010011111010000
010011111001110
010011111001101
010011111001011
010011111001010
010011111001000
010011111000110
010011111000101
010011111000011
010011111000010
010011111000000
010011110111111
010011110111101
010011110111100
010011110111010
010011110111001
010011110110111
010011110110110
010011110110100
010011110110010
010011110110001
010011110101111
010011110101110
010011110101100
010011110101011
010011110101001
010011110101000
010011110100110
010011110100101
010011110100011
010011110100010
010011110100000
010011110011110
010011110011101
010011110011011
010011110011010
010011110011000
010011110010111
010011110010101
010011110010100
010011110010010
010011110010001
010011110001111
010011110001110
010011110001100
010011110001011
010011110001001
010011110001000
010011110000110
010011110000100
010011110000011
010011110000001
010011110000000
010011101111110
010011101111101
010011101111011
010011101111010
010011101111000
010011101110111
010011101110101
010011101110100
010011101110010
010011101110001
010011101101111
010011101101110
010011101101100
010011101101011
010011101101001
010011101101000
010011101100110
010011101100101
010011101100011
010011101100010
010011101100000
010011101011110
010011101011101
010011101011011
010011101011010
010011101011000
010011101010111
010011101010101
010011101010100
010011101010010
010011101010001
010011101001111
010011101001110
010011101001100
010011101001011
010011101001001
010011101001000
010011101000110
010011101000101
010011101000011
010011101000010
010011101000000
010011100111111
010011100111101
010011100111100
010011100111010
010011100111001
010011100110111
010011100110110
010011100110100
010011100110011
010011100110001
010011100110000
010011100101110
010011100101101
010011100101011
010011100101010
010011100101000
010011100100111
010011100100101
010011100100100
010011100100010
010011100100001
010011100011111
010011100011110
010011100011100
010011100011011
010011100011001
010011100011000
010011100010110
010011100010101
010011100010011
010011100010010
010011100010000
010011100001111
010011100001101
010011100001100
010011100001010
010011100001001
010011100000111
010011100000110
010011100000100
010011100000011
010011100000001
010011100000000
010011011111111
010011011111101
010011011111100
010011011111010
010011011111001
010011011110111
010011011110110
010011011110100
010011011110011
010011011110001
010011011110000
010011011101110
010011011101101
010011011101011
010011011101010
010011011101000
010011011100111
010011011100101
010011011100100
010011011100010
010011011100001
010011011011111
010011011011110
010011011011100
010011011011011
010011011011010
010011011011000
010011011010111
010011011010101
010011011010100
010011011010010
010011011010001
010011011001111
010011011001110
010011011001100
010011011001011
010011011001001
010011011001000
010011011000110
010011011000101
010011011000011
010011011000010
010011011000001
010011010111111
010011010111110
010011010111100
010011010111011
010011010111001
010011010111000
010011010110110
010011010110101
010011010110011
010011010110010
010011010110000
010011010101111
010011010101101
010011010101100
010011010101011
010011010101001
010011010101000
010011010100110
010011010100101
010011010100011
010011010100010
010011010100000
010011010011111
010011010011101
010011010011100
010011010011011
010011010011001
010011010011000
010011010010110
010011010010101
010011010010011
010011010010010
010011010010000
010011010001111
010011010001101
010011010001100
010011010001011
010011010001001
010011010001000
010011010000110
010011010000101
010011010000011
010011010000010
010011010000000
010011001111111
010011001111101
010011001111100
010011001111011
010011001111001
010011001111000
010011001110110
010011001110101
010011001110011
010011001110010
010011001110000
010011001101111
010011001101110
010011001101100
010011001101011
010011001101001
010011001101000
010011001100110
010011001100101
010011001100100
010011001100010
010011001100001
010011001011111
010011001011110
010011001011100
010011001011011
010011001011001
010011001011000
010011001010111
010011001010101
010011001010100
010011001010010
010011001010001
010011001001111
010011001001110
010011001001101
010011001001011
010011001001010
010011001001000
010011001000111
010011001000101
010011001000100
010011001000011
010011001000001
010011001000000
010011000111110
010011000111101
010011000111011
010011000111010
010011000111001
010011000110111
010011000110110
010011000110100
010011000110011
010011000110001
010011000110000
010011000101111
010011000101101
010011000101100
010011000101010
010011000101001
010011000100111
010011000100110
010011000100101
010011000100011
010011000100010
010011000100000
010011000011111
010011000011101
010011000011100
010011000011011
010011000011001
010011000011000
010011000010110
010011000010101
010011000010100
010011000010010
010011000010001
010011000001111
010011000001110
010011000001100
010011000001011
010011000001010
010011000001000
010011000000111
010011000000101
010011000000100
010011000000011
010011000000001
010011000000000
010010111111110
010010111111101
010010111111100
010010111111010
010010111111001
010010111110111
010010111110110
010010111110101
010010111110011
010010111110010
010010111110000
010010111101111
010010111101101
010010111101100
010010111101011
010010111101001
010010111101000
010010111100110
010010111100101
010010111100100
010010111100010
010010111100001
010010111011111
010010111011110
010010111011101
010010111011011
010010111011010
010010111011000
010010111010111
010010111010110
010010111010100
010010111010011
010010111010001
010010111010000
010010111001111
010010111001101
010010111001100
010010111001010
010010111001001
010010111001000
010010111000110
010010111000101
010010111000100
010010111000010
010010111000001
010010110111111
010010110111110
010010110111101
010010110111011
010010110111010
010010110111000
010010110110111
010010110110110
010010110110100
010010110110011
010010110110001
010010110110000
010010110101111
010010110101101
010010110101100
010010110101010
010010110101001
010010110101000
010010110100110
010010110100101
010010110100100
010010110100010
010010110100001
010010110011111
010010110011110
010010110011101
010010110011011
010010110011010
010010110011001
010010110010111
010010110010110
010010110010100
010010110010011
010010110010010
010010110010000
010010110001111
010010110001101
010010110001100
010010110001011
010010110001001
010010110001000
010010110000111
010010110000101
010010110000100
010010110000010
010010110000001
010010110000000
010010101111110
010010101111101
010010101111100
010010101111010
010010101111001
010010101110111
010010101110110
010010101110101
010010101110011
010010101110010
010010101110001
010010101101111
010010101101110
010010101101101
010010101101011
010010101101010
010010101101000
010010101100111
010010101100110
010010101100100
010010101100011
010010101100010
010010101100000
010010101011111
010010101011110
010010101011100
010010101011011
010010101011001
010010101011000
010010101010111
010010101010101
010010101010100
010010101010011
010010101010001
010010101010000
010010101001111
010010101001101
010010101001100
010010101001010
010010101001001
010010101001000
010010101000110
010010101000101
010010101000100
010010101000010
010010101000001
010010101000000
010010100111110
010010100111101
010010100111100
010010100111010
010010100111001
010010100110111
010010100110110
010010100110101
010010100110011
010010100110010
010010100110001
010010100101111
010010100101110
010010100101101
010010100101011
010010100101010
010010100101001
010010100100111
010010100100110
010010100100101
010010100100011
010010100100010
010010100100001
010010100011111
010010100011110
010010100011100
010010100011011
010010100011010
010010100011000
010010100010111
010010100010110
010010100010100
010010100010011
010010100010010
010010100010000
010010100001111
010010100001110
010010100001100
010010100001011
010010100001010
010010100001000
010010100000111
010010100000110
010010100000100
010010100000011
010010100000010
010010100000000
010010011111111
010010011111110
010010011111100
010010011111011
010010011111010
010010011111000
010010011110111
010010011110110
010010011110100
010010011110011
010010011110010
010010011110000
010010011101111
010010011101110
010010011101100
010010011101011
010010011101010
010010011101000
010010011100111
010010011100110
010010011100100
010010011100011
010010011100010
010010011100000
010010011011111
010010011011110
010010011011100
010010011011011
010010011011010
010010011011000
010010011010111
010010011010110
010010011010100
010010011010011
010010011010010
010010011010000
010010011001111
010010011001110
010010011001100
010010011001011
010010011001010
010010011001000
010010011000111
010010011000110
010010011000101
010010011000011
010010011000010
010010011000001
010010010111111
010010010111110
010010010111101
010010010111011
010010010111010
010010010111001
010010010110111
010010010110110
010010010110101
010010010110011
010010010110010
010010010110001
010010010101111
010010010101110
010010010101101
010010010101100
010010010101010
010010010101001
010010010101000
010010010100110
010010010100101
010010010100100
010010010100010
010010010100001
010010010100000
010010010011110
010010010011101
010010010011100
010010010011010
010010010011001
010010010011000
010010010010111
010010010010101
010010010010100
010010010010011
010010010010001
010010010010000
010010010001111
010010010001101
010010010001100
010010010001011
010010010001001
010010010001000
010010010000111
010010010000110
010010010000100
010010010000011
010010010000010
010010010000000
010010001111111
010010001111110
010010001111100
010010001111011
010010001111010
010010001111001
010010001110111
010010001110110
010010001110101
010010001110011
010010001110010
010010001110001
010010001101111
010010001101110
010010001101101
010010001101100
010010001101010
010010001101001
010010001101000
010010001100110
010010001100101
010010001100100
010010001100011
010010001100001
010010001100000
010010001011111
010010001011101
010010001011100
010010001011011
010010001011001
010010001011000
010010001010111
010010001010110
010010001010100
010010001010011
010010001010010
010010001010000
010010001001111
010010001001110
010010001001101
010010001001011
010010001001010
010010001001001
010010001000111
010010001000110
010010001000101
010010001000100
010010001000010
010010001000001
010010001000000
010010000111110
010010000111101
010010000111100
010010000111011
010010000111001
010010000111000
010010000110111
010010000110101
010010000110100
010010000110011
010010000110010
010010000110000
010010000101111
010010000101110
010010000101101
010010000101011
010010000101010
010010000101001
010010000100111
010010000100110
010010000100101
010010000100100
010010000100010
010010000100001
010010000100000
010010000011110
010010000011101
010010000011100
010010000011011
010010000011001
010010000011000
010010000010111
010010000010110
010010000010100
010010000010011
010010000010010
010010000010000
010010000001111
010010000001110
010010000001101
010010000001011
010010000001010
010010000001001
010010000001000
010010000000110
010010000000101
010010000000100
010010000000011
010010000000001
010010000000000
010001111111111
010001111111101
010001111111100
010001111111011
010001111111010
010001111111000
010001111110111
010001111110110
010001111110101
010001111110011
010001111110010
010001111110001
010001111110000
010001111101110
010001111101101
010001111101100
010001111101011
010001111101001
010001111101000
010001111100111
010001111100101
010001111100100
010001111100011
010001111100010
010001111100000
010001111011111
010001111011110
010001111011101
010001111011011
010001111011010
010001111011001
010001111011000
010001111010110
010001111010101
010001111010100
010001111010011
010001111010001
010001111010000
010001111001111
010001111001110
010001111001100
010001111001011
010001111001010
010001111001001
010001111000111
010001111000110
010001111000101
010001111000100
010001111000010
010001111000001
010001111000000
010001110111111
010001110111101
010001110111100
010001110111011
010001110111010
010001110111000
010001110110111
010001110110110
010001110110101
010001110110011
010001110110010
010001110110001
010001110110000
010001110101110
010001110101101
010001110101100
010001110101011
010001110101001
010001110101000
010001110100111
010001110100110
010001110100101
010001110100011
010001110100010
010001110100001
010001110100000
010001110011110
010001110011101
010001110011100
010001110011011
010001110011001
010001110011000
010001110010111
010001110010110
010001110010100
010001110010011
010001110010010
010001110010001
010001110001111
010001110001110
010001110001101
010001110001100
010001110001011
010001110001001
010001110001000
010001110000111
010001110000110
010001110000100
010001110000011
010001110000010
010001110000001
010001101111111
010001101111110
010001101111101
010001101111100
010001101111011
010001101111001
010001101111000
010001101110111
010001101110110
010001101110100
010001101110011
010001101110010
010001101110001
010001101101111
010001101101110
010001101101101
010001101101100
010001101101011
010001101101001
010001101101000
010001101100111
010001101100110
010001101100100
010001101100011
010001101100010
010001101100001
010001101100000
010001101011110
010001101011101
010001101011100
010001101011011
010001101011001
010001101011000
010001101010111
010001101010110
010001101010101
010001101010011
010001101010010
010001101010001
010001101010000
010001101001110
010001101001101
010001101001100
010001101001011
010001101001010
010001101001000
010001101000111
010001101000110
010001101000101
010001101000100
010001101000010
010001101000001
010001101000000
010001100111111
010001100111101
010001100111100
010001100111011
010001100111010
010001100111001
010001100110111
010001100110110
010001100110101
010001100110100
010001100110011
010001100110001
010001100110000
010001100101111
010001100101110
010001100101100
010001100101011
010001100101010
010001100101001
010001100101000
010001100100110
010001100100101
010001100100100
010001100100011
010001100100010
010001100100000
010001100011111
010001100011110
010001100011101
010001100011100
010001100011010
010001100011001
010001100011000
010001100010111
010001100010110
010001100010100
010001100010011
010001100010010
010001100010001
010001100010000
010001100001110
010001100001101
010001100001100
010001100001011
010001100001010
010001100001000
010001100000111
010001100000110
010001100000101
010001100000100
010001100000010
010001100000001
010001100000000
010001011111111
010001011111110
010001011111100
010001011111011
010001011111010
010001011111001
010001011111000
010001011110110
010001011110101
010001011110100
010001011110011
010001011110010
010001011110000
010001011101111
010001011101110
010001011101101
010001011101100
010001011101011
010001011101001
010001011101000
010001011100111
010001011100110
010001011100101
010001011100011
010001011100010
010001011100001
010001011100000
010001011011111
010001011011101
010001011011100
010001011011011
010001011011010
010001011011001
010001011011000
010001011010110
010001011010101
010001011010100
010001011010011
010001011010010
010001011010000
010001011001111
010001011001110
010001011001101
010001011001100
010001011001010
010001011001001
010001011001000
010001011000111
010001011000110
010001011000101
010001011000011
010001011000010
010001011000001
010001011000000
010001010111111
010001010111101
010001010111100
010001010111011
010001010111010
010001010111001
010001010111000
010001010110110
010001010110101
010001010110100
010001010110011
010001010110010
010001010110001
010001010101111
010001010101110
010001010101101
010001010101100
010001010101011
010001010101001
010001010101000
010001010100111
010001010100110
010001010100101
010001010100100
010001010100010
010001010100001
010001010100000
010001010011111
010001010011110
010001010011101
010001010011011
010001010011010
010001010011001
010001010011000
010001010010111
010001010010110
010001010010100
010001010010011
010001010010010
010001010010001
010001010010000
010001010001111
010001010001101
010001010001100
010001010001011
010001010001010
010001010001001
010001010001000
010001010000110
010001010000101
010001010000100
010001010000011
010001010000010
010001010000001
010001001111111
010001001111110
010001001111101
010001001111100
010001001111011
010001001111010
010001001111000
010001001110111
010001001110110
010001001110101
010001001110100
010001001110011
010001001110010
010001001110000
010001001101111
010001001101110
010001001101101
010001001101100
010001001101011
010001001101001
010001001101000
010001001100111
010001001100110
010001001100101
010001001100100
010001001100010
010001001100001
010001001100000
010001001011111
010001001011110
010001001011101
010001001011100
010001001011010
010001001011001
010001001011000
010001001010111
010001001010110
010001001010101
010001001010011
010001001010010
010001001010001
010001001010000
010001001001111
010001001001110
010001001001101
010001001001011
010001001001010
010001001001001
010001001001000
010001001000111
010001001000110
010001001000101
010001001000011
010001001000010
010001001000001
010001001000000
010001000111111
010001000111110
010001000111101
010001000111011
010001000111010
010001000111001
010001000111000
010001000110111
010001000110110
010001000110101
010001000110011
010001000110010
010001000110001
010001000110000
010001000101111
010001000101110
010001000101101
010001000101011
010001000101010
010001000101001
010001000101000
010001000100111
010001000100110
010001000100101
010001000100011
010001000100010
010001000100001
010001000100000
010001000011111
010001000011110
010001000011101
010001000011011
010001000011010
010001000011001
010001000011000
010001000010111
010001000010110
010001000010101
010001000010100
010001000010010
010001000010001
010001000010000
010001000001111
010001000001110
010001000001101
010001000001100
010001000001010
010001000001001
010001000001000
010001000000111
010001000000110
010001000000101
010001000000100
010001000000011
010001000000001
010001000000000
010000111111111
010000111111110
010000111111101
010000111111100
010000111111011
010000111111001
010000111111000
010000111110111
010000111110110
010000111110101
010000111110100
010000111110011
010000111110010
010000111110000
010000111101111
010000111101110
010000111101101
010000111101100
010000111101011
010000111101010
010000111101001
010000111100111
010000111100110
010000111100101
010000111100100
010000111100011
010000111100010
010000111100001
010000111100000
010000111011111
010000111011101
010000111011100
010000111011011
010000111011010
010000111011001
010000111011000
010000111010111
010000111010110
010000111010100
010000111010011
010000111010010
010000111010001
010000111010000
010000111001111
010000111001110
010000111001101
010000111001100
010000111001010
010000111001001
010000111001000
010000111000111
010000111000110
010000111000101
010000111000100
010000111000011
010000111000001
010000111000000
010000110111111
010000110111110
010000110111101
010000110111100
010000110111011
010000110111010
010000110111001
010000110110111
010000110110110
010000110110101
010000110110100
010000110110011
010000110110010
010000110110001
010000110110000
010000110101111
010000110101101
010000110101100
010000110101011
010000110101010
010000110101001
010000110101000
010000110100111
010000110100110
010000110100101
010000110100100
010000110100010
010000110100001
010000110100000
010000110011111
010000110011110
010000110011101
010000110011100
010000110011011
010000110011010
010000110011000
010000110010111
010000110010110
010000110010101
010000110010100
010000110010011
010000110010010
010000110010001
010000110010000
010000110001111
010000110001101
010000110001100
010000110001011
010000110001010
010000110001001
010000110001000
010000110000111
010000110000110
010000110000101
010000110000100
010000110000011
010000110000001
010000110000000
010000101111111
010000101111110
010000101111101
010000101111100
010000101111011
010000101111010
010000101111001
010000101111000
010000101110110
010000101110101
010000101110100
010000101110011
010000101110010
010000101110001
010000101110000
010000101101111
010000101101110
010000101101101
010000101101100
010000101101010
010000101101001
010000101101000
010000101100111
010000101100110
010000101100101
010000101100100
010000101100011
010000101100010
010000101100001
010000101100000
010000101011110
010000101011101
010000101011100
010000101011011
010000101011010
010000101011001
010000101011000
010000101010111
010000101010110
010000101010101
010000101010100
010000101010011
010000101010001
010000101010000
010000101001111
010000101001110
010000101001101
010000101001100
010000101001011
010000101001010
010000101001001
010000101001000
010000101000111
010000101000110
010000101000100
010000101000011
010000101000010
010000101000001
010000101000000
010000100111111
010000100111110
010000100111101
010000100111100
010000100111011
010000100111010
010000100111001
010000100110111
010000100110110
010000100110101
010000100110100
010000100110011
010000100110010
010000100110001
010000100110000
010000100101111
010000100101110
010000100101101
010000100101100
010000100101011
010000100101001
010000100101000
010000100100111
010000100100110
010000100100101
010000100100100
010000100100011
010000100100010
010000100100001
010000100100000
010000100011111
010000100011110
010000100011101
010000100011100
010000100011010
010000100011001
010000100011000
010000100010111
010000100010110
010000100010101
010000100010100
010000100010011
010000100010010
010000100010001
010000100010000
010000100001111
010000100001110
010000100001101
010000100001100
010000100001010
010000100001001
010000100001000
010000100000111
010000100000110
010000100000101
010000100000100
010000100000011
010000100000010
010000100000001
010000100000000
010000011111111
010000011111110
010000011111101
010000011111100
010000011111010
010000011111001
010000011111000
010000011110111
010000011110110
010000011110101
010000011110100
010000011110011
010000011110010
010000011110001
010000011110000
010000011101111
010000011101110
010000011101101
010000011101100
010000011101011
010000011101010
010000011101000
010000011100111
010000011100110
010000011100101
010000011100100
010000011100011
010000011100010
010000011100001
010000011100000
010000011011111
010000011011110
010000011011101
010000011011100
010000011011011
010000011011010
010000011011001
010000011011000
010000011010111
010000011010101
010000011010100
010000011010011
010000011010010
010000011010001
010000011010000
010000011001111
010000011001110
010000011001101
010000011001100
010000011001011
010000011001010
010000011001001
010000011001000
010000011000111
010000011000110
010000011000101
010000011000100
010000011000011
010000011000010
010000011000000
010000010111111
010000010111110
010000010111101
010000010111100
010000010111011
010000010111010
010000010111001
010000010111000
010000010110111
010000010110110
010000010110101
010000010110100
010000010110011
010000010110010
010000010110001
010000010110000
010000010101111
010000010101110
010000010101101
010000010101100
010000010101011
010000010101001
010000010101000
010000010100111
010000010100110
010000010100101
010000010100100
010000010100011
010000010100010
010000010100001
010000010100000
010000010011111
010000010011110
010000010011101
010000010011100
010000010011011
010000010011010
010000010011001
010000010011000
010000010010111
010000010010110
010000010010101
010000010010100
010000010010011
010000010010010
010000010010001
010000010010000
010000010001110
010000010001101
010000010001100
010000010001011
010000010001010
010000010001001
010000010001000
010000010000111
010000010000110
010000010000101
010000010000100
010000010000011
010000010000010
010000010000001
010000010000000
010000001111111
010000001111110
010000001111101
010000001111100
010000001111011
010000001111010
010000001111001
010000001111000
010000001110111
010000001110110
010000001110101
010000001110100
010000001110011
010000001110010
010000001110001
010000001110000
010000001101110
010000001101101
010000001101100
010000001101011
010000001101010
010000001101001
010000001101000
010000001100111
010000001100110
010000001100101
010000001100100
010000001100011
010000001100010
010000001100001
010000001100000
010000001011111
010000001011110
010000001011101
010000001011100
010000001011011
010000001011010
010000001011001
010000001011000
010000001010111
010000001010110
010000001010101
010000001010100
010000001010011
010000001010010
010000001010001
010000001010000
010000001001111
010000001001110
010000001001101
010000001001100
010000001001011
010000001001010
010000001001001
010000001001000
010000001000111
010000001000110
010000001000101
010000001000100
010000001000011
010000001000010
010000001000001
010000001000000
010000000111110
010000000111101
010000000111100
010000000111011
010000000111010
010000000111001
010000000111000
010000000110111
010000000110110
010000000110101
010000000110100
010000000110011
010000000110010
010000000110001
010000000110000
010000000101111
010000000101110
010000000101101
010000000101100
010000000101011
010000000101010
010000000101001
010000000101000
010000000100111
010000000100110
010000000100101
010000000100100
010000000100011
010000000100010
010000000100001
010000000100000
010000000011111
010000000011110
010000000011101
010000000011100
010000000011011
010000000011010
010000000011001
010000000011000
010000000010111
010000000010110
010000000010101
010000000010100
010000000010011
010000000010010
010000000010001
010000000010000
010000000001111
010000000001110
010000000001101
010000000001100
010000000001011
010000000001010
010000000001001
010000000001000
010000000000111
010000000000110
010000000000101
010000000000100
010000000000011
010000000000010
010000000000001
010000000000000
