1000000000000000
0111111100000001
0111111000000110
0111110100001101
0111110000011000
0111101100100101
0111101000110100
0111100101000111
0111100001011100
0111011101110100
0111011010001111
0111010110101100
0111010011001011
0111001111101101
0111001100010010
0111001000111001
0111000101100010
0111000010001110
0110111110111100
0110111011101100
0110111000011111
0110110101010100
0110110010001011
0110101111000100
0110101011111111
0110101000111101
0110100101111100
0110100010111110
0110100000000001
0110011101000111
0110011010001110
0110010111011000
0110010100100011
0110010001110000
0110001110111111
0110001100010000
0110001001100010
0110000110110111
0110000100001101
0110000001100101
0101111110111110
0101111100011001
0101111001110110
0101110111010101
0101110100110101
0101110010010111
0101101111111010
0101101101011111
0101101011000101
0101101000101101
0101100110010110
0101100100000001
0101100001101101
0101011111011011
0101011101001010
0101011010111011
0101011000101101
0101010110100000
0101010100010101
0101010010001011
0101010000000010
0101001101111010
0101001011110100
0101001001101111
0101000111101100
0101000101101001
0101000011101000
0101000001101000
0100111111101001
0100111101101011
0100111011101111
0100111001110011
0100110111111001
0100110110000000
0100110100001000
0100110010010001
0100110000011011
0100101110100110
0100101100110010
0100101011000000
0100101001001110
0100100111011101
0100100101101101
0100100011111111
0100100010010001
0100100000100100
0100011110111000
0100011101001101
0100011011100011
0100011001111010
0100011000010010
0100010110101011
0100010101000101
0100010011011111
0100010001111010
0100010000010111
0100001110110100
0100001101010010
0100001011110001
0100001010010000
0100001000110001
0100000111010010
0100000101110100
0100000100010111
0100000010111010
0100000001011110
0100000000000100
0011111110101001
0011111101010000
0011111011110111
0011111010011111
0011111001001000
0011110111110001
0011110110011100
0011110101000111
0011110011110010
0011110010011110
0011110001001011
0011101111111001
0011101110100111
0011101101010110
0011101100000101
0011101010110110
0011101001100110
0011101000011000
0011100111001010
0011100101111100
0011100100110000
0011100011100100
0011100010011000
0011100001001101
0011100000000011
0011011110111001
0011011101110000
0011011100100111
0011011011011111
0011011010010111
0011011001010000
0011011000001010
0011010111000100
0011010101111110
0011010100111001
0011010011110101
0011010010110001
0011010001101110
0011010000101011
0011001111101001
0011001110100111
0011001101100101
0011001100100100
0011001011100100
0011001010100100
0011001001100101
0011001000100110
0011000111100111
0011000110101001
0011000101101011
0011000100101110
0011000011110001
0011000010110101
0011000001111001
0011000000111110
0011000000000011
0010111111001000
0010111110001110
0010111101010100
0010111100011011
0010111011100010
0010111010101001
0010111001110001
0010111000111001
0010111000000010
0010110111001011
0010110110010101
0010110101011110
0010110100101000
0010110011110011
0010110010111110
0010110010001001
0010110001010101
0010110000100001
0010101111101101
0010101110111010
0010101110000111
0010101101010100
0010101100100010
0010101011110000
0010101010111111
0010101010001101
0010101001011101
0010101000101100
0010100111111100
0010100111001100
0010100110011100
0010100101101101
0010100100111110
0010100100001111
0010100011100001
0010100010110011
0010100010000101
0010100001011000
0010100000101010
0010011111111110
0010011111010001
0010011110100101
0010011101111001
0010011101001101
0010011100100010
0010011011110111
0010011011001100
0010011010100001
0010011001110111
0010011001001101
0010011000100011
0010010111111010
0010010111010000
0010010110100111
0010010101111111
0010010101010110
0010010100101110
0010010100000110
0010010011011110
0010010010110111
0010010010010000
0010010001101001
0010010001000010
0010010000011011
0010001111110101
0010001111001111
0010001110101001
0010001110000100
0010001101011111
0010001100111010
0010001100010101
0010001011110000
0010001011001100
0010001010101000
0010001010000100
0010001001100000
0010001000111100
0010001000011001
0010000111110110
0010000111010011
0010000110110000
0010000110001110
0010000101101100
0010000101001010
0010000100101000
0010000100000110
0010000011100101
0010000011000011
0010000010100010
0010000010000010
0010000001100001
0010000001000000
0010000000100000