100000000000000
011111111111110
011111111111100
011111111111010
011111111111000
011111111110110
011111111110100
011111111110010
011111111110000
011111111101110
011111111101100
011111111101010
011111111101000
011111111100110
011111111100100
011111111100010
011111111100000
011111111011110
011111111011100
011111111011010
011111111011000
011111111010110
011111111010100
011111111010010
011111111010000
011111111001110
011111111001100
011111111001010
011111111001000
011111111000110
011111111000100
011111111000010
011111111000000
011111110111110
011111110111100
011111110111010
011111110111000
011111110110110
011111110110101
011111110110011
011111110110001
011111110101111
011111110101101
011111110101011
011111110101001
011111110100111
011111110100101
011111110100011
011111110100001
011111110011111
011111110011101
011111110011011
011111110011001
011111110010111
011111110010101
011111110010011
011111110010001
011111110001111
011111110001101
011111110001011
011111110001001
011111110000111
011111110000101
011111110000011
011111110000001
011111101111111
011111101111110
011111101111100
011111101111010
011111101111000
011111101110110
011111101110100
011111101110010
011111101110000
011111101101110
011111101101100
011111101101010
011111101101000
011111101100110
011111101100100
011111101100010
011111101100000
011111101011110
011111101011100
011111101011011
011111101011001
011111101010111
011111101010101
011111101010011
011111101010001
011111101001111
011111101001101
011111101001011
011111101001001
011111101000111
011111101000101
011111101000011
011111101000001
011111100111111
011111100111101
011111100111100
011111100111010
011111100111000
011111100110110
011111100110100
011111100110010
011111100110000
011111100101110
011111100101100
011111100101010
011111100101000
011111100100110
011111100100100
011111100100011
011111100100001
011111100011111
011111100011101
011111100011011
011111100011001
011111100010111
011111100010101
011111100010011
011111100010001
011111100001111
011111100001101
011111100001100
011111100001010
011111100001000
011111100000110
011111100000100
011111100000010
011111100000000
011111011111110
011111011111100
011111011111010
011111011111000
011111011110111
011111011110101
011111011110011
011111011110001
011111011101111
011111011101101
011111011101011
011111011101001
011111011100111
011111011100101
011111011100100
011111011100010
011111011100000
011111011011110
011111011011100
011111011011010
011111011011000
011111011010110
011111011010100
011111011010010
011111011010001
011111011001111
011111011001101
011111011001011
011111011001001
011111011000111
011111011000101
011111011000011
011111011000001
011111011000000
011111010111110
011111010111100
011111010111010
011111010111000
011111010110110
011111010110100
011111010110010
011111010110001
011111010101111
011111010101101
011111010101011
011111010101001
011111010100111
011111010100101
011111010100011
011111010100001
011111010100000
011111010011110
011111010011100
011111010011010
011111010011000
011111010010110
011111010010100
011111010010011
011111010010001
011111010001111
011111010001101
011111010001011
011111010001001
011111010000111
011111010000101
011111010000100
011111010000010
011111010000000
011111001111110
011111001111100
011111001111010
011111001111000
011111001110111
011111001110101
011111001110011
011111001110001
011111001101111
011111001101101
011111001101011
011111001101010
011111001101000
011111001100110
011111001100100
011111001100010
011111001100000
011111001011110
011111001011101
011111001011011
011111001011001
011111001010111
011111001010101
011111001010011
011111001010001
011111001010000
011111001001110
011111001001100
011111001001010
011111001001000
011111001000110
011111001000101
011111001000011
011111001000001
011111000111111
011111000111101
011111000111011
011111000111010
011111000111000
011111000110110
011111000110100
011111000110010
011111000110000
011111000101110
011111000101101
011111000101011
011111000101001
011111000100111
011111000100101
011111000100100
011111000100010
011111000100000
011111000011110
011111000011100
011111000011010
011111000011001
011111000010111
011111000010101
011111000010011
011111000010001
011111000001111
011111000001110
011111000001100
011111000001010
011111000001000
011111000000110
011111000000100
011111000000011
011111000000001
011110111111111
011110111111101
011110111111011
011110111111010
011110111111000
011110111110110
011110111110100
011110111110010
011110111110000
011110111101111
011110111101101
011110111101011
011110111101001
011110111100111
011110111100110
011110111100100
011110111100010
011110111100000
011110111011110
011110111011101
011110111011011
011110111011001
011110111010111
011110111010101
011110111010100
011110111010010
011110111010000
011110111001110
011110111001100
011110111001011
011110111001001
011110111000111
011110111000101
011110111000011
011110111000010
011110111000000
011110110111110
011110110111100
011110110111010
011110110111001
011110110110111
011110110110101
011110110110011
011110110110001
011110110110000
011110110101110
011110110101100
011110110101010
011110110101000
011110110100111
011110110100101
011110110100011
011110110100001
011110110100000
011110110011110
011110110011100
011110110011010
011110110011000
011110110010111
011110110010101
011110110010011
011110110010001
011110110001111
011110110001110
011110110001100
011110110001010
011110110001000
011110110000111
011110110000101
011110110000011
011110110000001
011110101111111
011110101111110
011110101111100
011110101111010
011110101111000
011110101110111
011110101110101
011110101110011
011110101110001
011110101110000
011110101101110
011110101101100
011110101101010
011110101101000
011110101100111
011110101100101
011110101100011
011110101100001
011110101100000
011110101011110
011110101011100
011110101011010
011110101011001
011110101010111
011110101010101
011110101010011
011110101010010
011110101010000
011110101001110
011110101001100
011110101001010
011110101001001
011110101000111
011110101000101
011110101000011
011110101000010
011110101000000
011110100111110
011110100111100
011110100111011
011110100111001
011110100110111
011110100110101
011110100110100
011110100110010
011110100110000
011110100101110
011110100101101
011110100101011
011110100101001
011110100100111
011110100100110
011110100100100
011110100100010
011110100100000
011110100011111
011110100011101
011110100011011
011110100011010
011110100011000
011110100010110
011110100010100
011110100010011
011110100010001
011110100001111
011110100001101
011110100001100
011110100001010
011110100001000
011110100000110
011110100000101
011110100000011
011110100000001
011110011111111
011110011111110
011110011111100
011110011111010
011110011111001
011110011110111
011110011110101
011110011110011
011110011110010
011110011110000
011110011101110
011110011101100
011110011101011
011110011101001
011110011100111
011110011100110
011110011100100
011110011100010
011110011100000
011110011011111
011110011011101
011110011011011
011110011011010
011110011011000
011110011010110
011110011010100
011110011010011
011110011010001
011110011001111
011110011001101
011110011001100
011110011001010
011110011001000
011110011000111
011110011000101
011110011000011
011110011000001
011110011000000
011110010111110
011110010111100
011110010111011
011110010111001
011110010110111
011110010110110
011110010110100
011110010110010
011110010110000
011110010101111
011110010101101
011110010101011
011110010101010
011110010101000
011110010100110
011110010100100
011110010100011
011110010100001
011110010011111
011110010011110
011110010011100
011110010011010
011110010011001
011110010010111
011110010010101
011110010010011
011110010010010
011110010010000
011110010001110
011110010001101
011110010001011
011110010001001
011110010001000
011110010000110
011110010000100
011110010000011
011110010000001
011110001111111
011110001111101
011110001111100
011110001111010
011110001111000
011110001110111
011110001110101
011110001110011
011110001110010
011110001110000
011110001101110
011110001101101
011110001101011
011110001101001
011110001101000
011110001100110
011110001100100
011110001100011
011110001100001
011110001011111
011110001011101
011110001011100
011110001011010
011110001011000
011110001010111
011110001010101
011110001010011
011110001010010
011110001010000
011110001001110
011110001001101
011110001001011
011110001001001
011110001001000
011110001000110
011110001000100
011110001000011
011110001000001
011110000111111
011110000111110
011110000111100
011110000111010
011110000111001
011110000110111
011110000110101
011110000110100
011110000110010
011110000110000
011110000101111
011110000101101
011110000101011
011110000101010
011110000101000
011110000100110
011110000100101
011110000100011
011110000100001
011110000100000
011110000011110
011110000011100
011110000011011
011110000011001
011110000010111
011110000010110
011110000010100
011110000010010
011110000010001
011110000001111
011110000001110
011110000001100
011110000001010
011110000001001
011110000000111
011110000000101
011110000000100
011110000000010
011110000000000
011101111111111
011101111111101
011101111111011
011101111111010
011101111111000
011101111110110
011101111110101
011101111110011
011101111110010
011101111110000
011101111101110
011101111101101
011101111101011
011101111101001
011101111101000
011101111100110
011101111100100
011101111100011
011101111100001
011101111011111
011101111011110
011101111011100
011101111011011
011101111011001
011101111010111
011101111010110
011101111010100
011101111010010
011101111010001
011101111001111
011101111001101
011101111001100
011101111001010
011101111001001
011101111000111
011101111000101
011101111000100
011101111000010
011101111000000
011101110111111
011101110111101
011101110111100
011101110111010
011101110111000
011101110110111
011101110110101
011101110110011
011101110110010
011101110110000
011101110101111
011101110101101
011101110101011
011101110101010
011101110101000
011101110100110
011101110100101
011101110100011
011101110100010
011101110100000
011101110011110
011101110011101
011101110011011
011101110011010
011101110011000
011101110010110
011101110010101
011101110010011
011101110010001
011101110010000
011101110001110
011101110001101
011101110001011
011101110001001
011101110001000
011101110000110
011101110000101
011101110000011
011101110000001
011101110000000
011101101111110
011101101111101
011101101111011
011101101111001
011101101111000
011101101110110
011101101110100
011101101110011
011101101110001
011101101110000
011101101101110
011101101101100
011101101101011
011101101101001
011101101101000
011101101100110
011101101100100
011101101100011
011101101100001
011101101100000
011101101011110
011101101011100
011101101011011
011101101011001
011101101011000
011101101010110
011101101010101
011101101010011
011101101010001
011101101010000
011101101001110
011101101001101
011101101001011
011101101001001
011101101001000
011101101000110
011101101000101
011101101000011
011101101000001
011101101000000
011101100111110
011101100111101
011101100111011
011101100111001
011101100111000
011101100110110
011101100110101
011101100110011
011101100110010
011101100110000
011101100101110
011101100101101
011101100101011
011101100101010
011101100101000
011101100100111
011101100100101
011101100100011
011101100100010
011101100100000
011101100011111
011101100011101
011101100011011
011101100011010
011101100011000
011101100010111
011101100010101
011101100010100
011101100010010
011101100010000
011101100001111
011101100001101
011101100001100
011101100001010
011101100001001
011101100000111
011101100000101
011101100000100
011101100000010
011101100000001
011101011111111
011101011111110
011101011111100
011101011111010
011101011111001
011101011110111
011101011110110
011101011110100
011101011110011
011101011110001
011101011110000
011101011101110
011101011101100
011101011101011
011101011101001
011101011101000
011101011100110
011101011100101
011101011100011
011101011100001
011101011100000
011101011011110
011101011011101
011101011011011
011101011011010
011101011011000
011101011010111
011101011010101
011101011010011
011101011010010
011101011010000
011101011001111
011101011001101
011101011001100
011101011001010
011101011001001
011101011000111
011101011000110
011101011000100
011101011000010
011101011000001
011101010111111
011101010111110
011101010111100
011101010111011
011101010111001
011101010111000
011101010110110
011101010110101
011101010110011
011101010110001
011101010110000
011101010101110
011101010101101
011101010101011
011101010101010
011101010101000
011101010100111
011101010100101
011101010100100
011101010100010
011101010100000
011101010011111
011101010011101
011101010011100
011101010011010
011101010011001
011101010010111
011101010010110
011101010010100
011101010010011
011101010010001
011101010010000
011101010001110
011101010001101
011101010001011
011101010001001
011101010001000
011101010000110
011101010000101
011101010000011
011101010000010
011101010000000
011101001111111
011101001111101
011101001111100
011101001111010
011101001111001
011101001110111
011101001110110
011101001110100
011101001110011
011101001110001
011101001110000
011101001101110
011101001101100
011101001101011
011101001101001
011101001101000
011101001100110
011101001100101
011101001100011
011101001100010
011101001100000
011101001011111
011101001011101
011101001011100
011101001011010
011101001011001
011101001010111
011101001010110
011101001010100
011101001010011
011101001010001
011101001010000
011101001001110
011101001001101
011101001001011
011101001001010
011101001001000
011101001000111
011101001000101
011101001000100
011101001000010
011101001000001
011101000111111
011101000111110
011101000111100
011101000111011
011101000111001
011101000110111
011101000110110
011101000110100
011101000110011
011101000110001
011101000110000
011101000101110
011101000101101
011101000101011
011101000101010
011101000101000
011101000100111
011101000100101
011101000100100
011101000100010
011101000100001
011101000011111
011101000011110
011101000011100
011101000011011
011101000011001
011101000011000
011101000010110
011101000010101
011101000010011
011101000010010
011101000010001
011101000001111
011101000001110
011101000001100
011101000001011
011101000001001
011101000001000
011101000000110
011101000000101
011101000000011
011101000000010
011101000000000
011100111111111
011100111111101
011100111111100
011100111111010
011100111111001
011100111110111
011100111110110
011100111110100
011100111110011
011100111110001
011100111110000
011100111101110
011100111101101
011100111101011
011100111101010
011100111101000
011100111100111
011100111100101
011100111100100
011100111100010
011100111100001
011100111011111
011100111011110
011100111011100
011100111011011
011100111011010
011100111011000
011100111010111
011100111010101
011100111010100
011100111010010
011100111010001
011100111001111
011100111001110
011100111001100
011100111001011
011100111001001
011100111001000
011100111000110
011100111000101
011100111000011
011100111000010
011100111000000
011100110111111
011100110111110
011100110111100
011100110111011
011100110111001
011100110111000
011100110110110
011100110110101
011100110110011
011100110110010
011100110110000
011100110101111
011100110101101
011100110101100
011100110101010
011100110101001
011100110101000
011100110100110
011100110100101
011100110100011
011100110100010
011100110100000
011100110011111
011100110011101
011100110011100
011100110011010
011100110011001
011100110010111
011100110010110
011100110010101
011100110010011
011100110010010
011100110010000
011100110001111
011100110001101
011100110001100
011100110001010
011100110001001
011100110000111
011100110000110
011100110000101
011100110000011
011100110000010
011100110000000
011100101111111
011100101111101
011100101111100
011100101111010
011100101111001
011100101111000
011100101110110
011100101110101
011100101110011
011100101110010
011100101110000
011100101101111
011100101101101
011100101101100
011100101101011
011100101101001
011100101101000
011100101100110
011100101100101
011100101100011
011100101100010
011100101100000
011100101011111
011100101011110
011100101011100
011100101011011
011100101011001
011100101011000
011100101010110
011100101010101
011100101010011
011100101010010
011100101010001
011100101001111
011100101001110
011100101001100
011100101001011
011100101001001
011100101001000
011100101000111
011100101000101
011100101000100
011100101000010
011100101000001
011100100111111
011100100111110
011100100111101
011100100111011
011100100111010
011100100111000
011100100110111
011100100110101
011100100110100
011100100110011
011100100110001
011100100110000
011100100101110
011100100101101
011100100101011
011100100101010
011100100101001
011100100100111
011100100100110
011100100100100
011100100100011
011100100100001
011100100100000
011100100011111
011100100011101
011100100011100
011100100011010
011100100011001
011100100010111
011100100010110
011100100010101
011100100010011
011100100010010
011100100010000
011100100001111
011100100001110
011100100001100
011100100001011
011100100001001
011100100001000
011100100000110
011100100000101
011100100000100
011100100000010
011100100000001
011100011111111
011100011111110
011100011111101
011100011111011
011100011111010
011100011111000
011100011110111
011100011110101
011100011110100
011100011110011
011100011110001
011100011110000
011100011101110
011100011101101
011100011101100
011100011101010
011100011101001
011100011100111
011100011100110
011100011100101
011100011100011
011100011100010
011100011100000
011100011011111
011100011011110
011100011011100
011100011011011
011100011011001
011100011011000
011100011010111
011100011010101
011100011010100
011100011010010
011100011010001
011100011010000
011100011001110
011100011001101
011100011001011
011100011001010
011100011001001
011100011000111
011100011000110
011100011000100
011100011000011
011100011000010
011100011000000
011100010111111
011100010111101
011100010111100
011100010111011
011100010111001
011100010111000
011100010110110
011100010110101
011100010110100
011100010110010
011100010110001
011100010101111
011100010101110
011100010101101
011100010101011
011100010101010
011100010101001
011100010100111
011100010100110
011100010100100
011100010100011
011100010100010
011100010100000
011100010011111
011100010011101
011100010011100
011100010011011
011100010011001
011100010011000
011100010010111
011100010010101
011100010010100
011100010010010
011100010010001
011100010010000
011100010001110
011100010001101
011100010001011
011100010001010
011100010001001
011100010000111
011100010000110
011100010000101
011100010000011
011100010000010
011100010000000
011100001111111
011100001111110
011100001111100
011100001111011
011100001111010
011100001111000
011100001110111
011100001110101
011100001110100
011100001110011
011100001110001
011100001110000
011100001101111
011100001101101
011100001101100
011100001101010
011100001101001
011100001101000
011100001100110
011100001100101
011100001100100
011100001100010
011100001100001
011100001100000
011100001011110
011100001011101
011100001011011
011100001011010
011100001011001
011100001010111
011100001010110
011100001010101
011100001010011
011100001010010
011100001010001
011100001001111
011100001001110
011100001001100
011100001001011
011100001001010
011100001001000
011100001000111
011100001000110
011100001000100
011100001000011
011100001000010
011100001000000
011100000111111
011100000111101
011100000111100
011100000111011
011100000111001
011100000111000
011100000110111
011100000110101
011100000110100
011100000110011
011100000110001
011100000110000
011100000101111
011100000101101
011100000101100
011100000101010
011100000101001
011100000101000
011100000100110
011100000100101
011100000100100
011100000100010
011100000100001
011100000100000
011100000011110
011100000011101
011100000011100
011100000011010
011100000011001
011100000011000
011100000010110
011100000010101
011100000010100
011100000010010
011100000010001
011100000010000
011100000001110
011100000001101
011100000001100
011100000001010
011100000001001
011100000000111
011100000000110
011100000000101
011100000000011
011100000000010
011100000000001
011011111111111
011011111111110
011011111111101
011011111111011
011011111111010
011011111111001
011011111110111
011011111110110
011011111110101
011011111110011
011011111110010
011011111110001
011011111101111
011011111101110
011011111101101
011011111101011
011011111101010
011011111101001
011011111100111
011011111100110
011011111100101
011011111100011
011011111100010
011011111100001
011011111011111
011011111011110
011011111011101
011011111011011
011011111011010
011011111011001
011011111010111
011011111010110
011011111010101
011011111010011
011011111010010
011011111010001
011011111001111
011011111001110
011011111001101
011011111001011
011011111001010
011011111001001
011011111000111
011011111000110
011011111000101
011011111000100
011011111000010
011011111000001
011011111000000
011011110111110
011011110111101
011011110111100
011011110111010
011011110111001
011011110111000
011011110110110
011011110110101
011011110110100
011011110110010
011011110110001
011011110110000
011011110101110
011011110101101
011011110101100
011011110101010
011011110101001
011011110101000
011011110100110
011011110100101
011011110100100
011011110100011
011011110100001
011011110100000
011011110011111
011011110011101
011011110011100
011011110011011
011011110011001
011011110011000
011011110010111
011011110010101
011011110010100
011011110010011
011011110010001
011011110010000
011011110001111
011011110001110
011011110001100
011011110001011
011011110001010
011011110001000
011011110000111
011011110000110
011011110000100
011011110000011
011011110000010
011011110000000
011011101111111
011011101111110
011011101111101
011011101111011
011011101111010
011011101111001
011011101110111
011011101110110
011011101110101
011011101110011
011011101110010
011011101110001
011011101110000
011011101101110
011011101101101
011011101101100
011011101101010
011011101101001
011011101101000
011011101100110
011011101100101
011011101100100
011011101100011
011011101100001
011011101100000
011011101011111
011011101011101
011011101011100
011011101011011
011011101011010
011011101011000
011011101010111
011011101010110
011011101010100
011011101010011
011011101010010
011011101010000
011011101001111
011011101001110
011011101001101
011011101001011
011011101001010
011011101001001
011011101000111
011011101000110
011011101000101
011011101000100
011011101000010
011011101000001
011011101000000
011011100111110
011011100111101
011011100111100
011011100111011
011011100111001
011011100111000
011011100110111
011011100110101
011011100110100
011011100110011
011011100110010
011011100110000
011011100101111
011011100101110
011011100101100
011011100101011
011011100101010
011011100101001
011011100100111
011011100100110
011011100100101
011011100100011
011011100100010
011011100100001
011011100100000
011011100011110
011011100011101
011011100011100
011011100011011
011011100011001
011011100011000
011011100010111
011011100010101
011011100010100
011011100010011
011011100010010
011011100010000
011011100001111
011011100001110
011011100001101
011011100001011
011011100001010
011011100001001
011011100000111
011011100000110
011011100000101
011011100000100
011011100000010
011011100000001
011011100000000
011011011111111
011011011111101
011011011111100
011011011111011
011011011111001
011011011111000
011011011110111
011011011110110
011011011110100
011011011110011
011011011110010
011011011110001
011011011101111
011011011101110
011011011101101
011011011101100
011011011101010
011011011101001
011011011101000
011011011100110
011011011100101
011011011100100
011011011100011
011011011100001
011011011100000
011011011011111
011011011011110
011011011011100
011011011011011
011011011011010
011011011011001
011011011010111
011011011010110
011011011010101
011011011010100
011011011010010
011011011010001
011011011010000
011011011001111
011011011001101
011011011001100
011011011001011
011011011001010
011011011001000
011011011000111
011011011000110
011011011000100
011011011000011
011011011000010
011011011000001
011011010111111
011011010111110
011011010111101
011011010111100
011011010111010
011011010111001
011011010111000
011011010110111
011011010110101
011011010110100
011011010110011
011011010110010
011011010110000
011011010101111
011011010101110
011011010101101
011011010101011
011011010101010
011011010101001
011011010101000
011011010100111
011011010100101
011011010100100
011011010100011
011011010100010
011011010100000
011011010011111
011011010011110
011011010011101
011011010011011
011011010011010
011011010011001
011011010011000
011011010010110
011011010010101
011011010010100
011011010010011
011011010010001
011011010010000
011011010001111
011011010001110
011011010001100
011011010001011
011011010001010
011011010001001
011011010000111
011011010000110
011011010000101
011011010000100
011011010000011
011011010000001
011011010000000
011011001111111
011011001111110
011011001111100
011011001111011
011011001111010
011011001111001
011011001110111
011011001110110
011011001110101
011011001110100
011011001110010
011011001110001
011011001110000
011011001101111
011011001101110
011011001101100
011011001101011
011011001101010
011011001101001
011011001100111
011011001100110
011011001100101
011011001100100
011011001100010
011011001100001
011011001100000
011011001011111
011011001011110
011011001011100
011011001011011
011011001011010
011011001011001
011011001010111
011011001010110
011011001010101
011011001010100
011011001010011
011011001010001
011011001010000
011011001001111
011011001001110
011011001001100
011011001001011
011011001001010
011011001001001
011011001001000
011011001000110
011011001000101
011011001000100
011011001000011
011011001000001
011011001000000
011011000111111
011011000111110
011011000111101
011011000111011
011011000111010
011011000111001
011011000111000
011011000110111
011011000110101
011011000110100
011011000110011
011011000110010
011011000110000
011011000101111
011011000101110
011011000101101
011011000101100
011011000101010
011011000101001
011011000101000
011011000100111
011011000100110
011011000100100
011011000100011
011011000100010
011011000100001
011011000011111
011011000011110
011011000011101
011011000011100
011011000011011
011011000011001
011011000011000
011011000010111
011011000010110
011011000010101
011011000010011
011011000010010
011011000010001
011011000010000
011011000001111
011011000001101
011011000001100
011011000001011
011011000001010
011011000001001
011011000000111
011011000000110
011011000000101
011011000000100
011011000000011
011011000000001
011011000000000
011010111111111
011010111111110
011010111111101
011010111111011
011010111111010
011010111111001
011010111111000
011010111110111
011010111110101
011010111110100
011010111110011
011010111110010
011010111110001
011010111101111
011010111101110
011010111101101
011010111101100
011010111101011
011010111101001
011010111101000
011010111100111
011010111100110
011010111100101
011010111100011
011010111100010
011010111100001
011010111100000
011010111011111
011010111011101
011010111011100
011010111011011
011010111011010
011010111011001
011010111010111
011010111010110
011010111010101
011010111010100
011010111010011
011010111010001
011010111010000
011010111001111
011010111001110
011010111001101
011010111001100
011010111001010
011010111001001
011010111001000
011010111000111
011010111000110
011010111000100
011010111000011
011010111000010
011010111000001
011010111000000
011010110111110
011010110111101
011010110111100
011010110111011
011010110111010
011010110111001
011010110110111
011010110110110
011010110110101
011010110110100
011010110110011
011010110110001
011010110110000
011010110101111
011010110101110
011010110101101
011010110101100
011010110101010
011010110101001
011010110101000
011010110100111
011010110100110
011010110100101
011010110100011
011010110100010
011010110100001
011010110100000
011010110011111
011010110011101
011010110011100
011010110011011
011010110011010
011010110011001
011010110011000
011010110010110
011010110010101
011010110010100
011010110010011
011010110010010
011010110010001
011010110001111
011010110001110
011010110001101
011010110001100
011010110001011
011010110001001
011010110001000
011010110000111
011010110000110
011010110000101
011010110000100
011010110000010
011010110000001
011010110000000
011010101111111
011010101111110
011010101111101
011010101111011
011010101111010
011010101111001
011010101111000
011010101110111
011010101110110
011010101110100
011010101110011
011010101110010
011010101110001
011010101110000
011010101101111
011010101101101
011010101101100
011010101101011
011010101101010
011010101101001
011010101101000
011010101100110
011010101100101
011010101100100
011010101100011
011010101100010
011010101100001
011010101100000
011010101011110
011010101011101
011010101011100
011010101011011
011010101011010
011010101011001
011010101010111
011010101010110
011010101010101
011010101010100
011010101010011
011010101010010
011010101010000
011010101001111
011010101001110
011010101001101
011010101001100
011010101001011
011010101001010
011010101001000
011010101000111
011010101000110
011010101000101
011010101000100
011010101000011
011010101000001
011010101000000
011010100111111
011010100111110
011010100111101
011010100111100
011010100111011
011010100111001
011010100111000
011010100110111
011010100110110
011010100110101
011010100110100
011010100110011
011010100110001
011010100110000
011010100101111
011010100101110
011010100101101
011010100101100
011010100101010
011010100101001
011010100101000
011010100100111
011010100100110
011010100100101
011010100100100
011010100100010
011010100100001
011010100100000
011010100011111
011010100011110
011010100011101
011010100011100
011010100011010
011010100011001
011010100011000
011010100010111
011010100010110
011010100010101
011010100010100
011010100010010
011010100010001
011010100010000
011010100001111
011010100001110
011010100001101
011010100001100
011010100001010
011010100001001
011010100001000
011010100000111
011010100000110
011010100000101
011010100000100
011010100000011
011010100000001
011010100000000
011010011111111
011010011111110
011010011111101
011010011111100
011010011111011
011010011111001
011010011111000
011010011110111
011010011110110
011010011110101
011010011110100
011010011110011
011010011110001
011010011110000
011010011101111
011010011101110
011010011101101
011010011101100
011010011101011
011010011101010
011010011101000
011010011100111
011010011100110
011010011100101
011010011100100
011010011100011
011010011100010
011010011100001
011010011011111
011010011011110
011010011011101
011010011011100
011010011011011
011010011011010
011010011011001
011010011011000
011010011010110
011010011010101
011010011010100
011010011010011
011010011010010
011010011010001
011010011010000
011010011001111
011010011001101
011010011001100
011010011001011
011010011001010
011010011001001
011010011001000
011010011000111
011010011000110
011010011000100
011010011000011
011010011000010
011010011000001
011010011000000
011010010111111
011010010111110
011010010111101
011010010111011
011010010111010
011010010111001
011010010111000
011010010110111
011010010110110
011010010110101
011010010110100
011010010110011
011010010110001
011010010110000
011010010101111
011010010101110
011010010101101
011010010101100
011010010101011
011010010101010
011010010101000
011010010100111
011010010100110
011010010100101
011010010100100
011010010100011
011010010100010
011010010100001
011010010100000
011010010011110
011010010011101
011010010011100
011010010011011
011010010011010
011010010011001
011010010011000
011010010010111
011010010010110
011010010010100
011010010010011
011010010010010
011010010010001
011010010010000
011010010001111
011010010001110
011010010001101
011010010001100
011010010001010
011010010001001
011010010001000
011010010000111
011010010000110
011010010000101
011010010000100
011010010000011
011010010000010
011010010000001
011010001111111
011010001111110
011010001111101
011010001111100
011010001111011
011010001111010
011010001111001
011010001111000
011010001110111
011010001110110
011010001110100
011010001110011
011010001110010
011010001110001
011010001110000
011010001101111
011010001101110
011010001101101
011010001101100
011010001101011
011010001101001
011010001101000
011010001100111
011010001100110
011010001100101
011010001100100
011010001100011
011010001100010
011010001100001
011010001100000
011010001011110
011010001011101
011010001011100
011010001011011
011010001011010
011010001011001
011010001011000
011010001010111
011010001010110
011010001010101
011010001010011
011010001010010
011010001010001
011010001010000
011010001001111
011010001001110
011010001001101
011010001001100
011010001001011
011010001001010
011010001001001
011010001000111
011010001000110
011010001000101
011010001000100
011010001000011
011010001000010
011010001000001
011010001000000
011010000111111
011010000111110
011010000111101
011010000111011
011010000111010
011010000111001
011010000111000
011010000110111
011010000110110
011010000110101
011010000110100
011010000110011
011010000110010
011010000110001
011010000110000
011010000101110
011010000101101
011010000101100
011010000101011
011010000101010
011010000101001
011010000101000
011010000100111
011010000100110
011010000100101
011010000100100
011010000100011
011010000100001
011010000100000
011010000011111
011010000011110
011010000011101
011010000011100
011010000011011
011010000011010
011010000011001
011010000011000
011010000010111
011010000010110
011010000010101
011010000010011
011010000010010
011010000010001
011010000010000
011010000001111
011010000001110
011010000001101
011010000001100
011010000001011
011010000001010
011010000001001
011010000001000
011010000000111
011010000000101
011010000000100
011010000000011
011010000000010
011010000000001
011010000000000
011001111111111
011001111111110
011001111111101
011001111111100
011001111111011
011001111111010
011001111111001
011001111111000
011001111110110
011001111110101
011001111110100
011001111110011
011001111110010
011001111110001
011001111110000
011001111101111
011001111101110
011001111101101
011001111101100
011001111101011
011001111101010
011001111101001
011001111100111
011001111100110
011001111100101
011001111100100
011001111100011
011001111100010
011001111100001
011001111100000
011001111011111
011001111011110
011001111011101
011001111011100
011001111011011
011001111011010
011001111011001
011001111010111
011001111010110
011001111010101
011001111010100
011001111010011
011001111010010
011001111010001
011001111010000
011001111001111
011001111001110
011001111001101
011001111001100
011001111001011
011001111001010
011001111001001
011001111001000
011001111000111
011001111000101
011001111000100
011001111000011
011001111000010
011001111000001
011001111000000
011001110111111
011001110111110
011001110111101
011001110111100
011001110111011
011001110111010
011001110111001
011001110111000
011001110110111
011001110110110
011001110110101
011001110110011
011001110110010
011001110110001
011001110110000
011001110101111
011001110101110
011001110101101
011001110101100
011001110101011
011001110101010
011001110101001
011001110101000
011001110100111
011001110100110
011001110100101
011001110100100
011001110100011
011001110100010
011001110100001
011001110011111
011001110011110
011001110011101
011001110011100
011001110011011
011001110011010
011001110011001
011001110011000
011001110010111
011001110010110
011001110010101
011001110010100
011001110010011
011001110010010
011001110010001
011001110010000
011001110001111
011001110001110
011001110001101
011001110001100
011001110001011
011001110001010
011001110001000
011001110000111
011001110000110
011001110000101
011001110000100
011001110000011
011001110000010
011001110000001
011001110000000
011001101111111
011001101111110
011001101111101
011001101111100
011001101111011
011001101111010
011001101111001
011001101111000
011001101110111
011001101110110
011001101110101
011001101110100
011001101110011
011001101110010
011001101110001
011001101101111
011001101101110
011001101101101
011001101101100
011001101101011
011001101101010
011001101101001
011001101101000
011001101100111
011001101100110
011001101100101
011001101100100
011001101100011
011001101100010
011001101100001
011001101100000
011001101011111
011001101011110
011001101011101
011001101011100
011001101011011
011001101011010
011001101011001
011001101011000
011001101010111
011001101010110
011001101010101
011001101010100
011001101010010
011001101010001
011001101010000
011001101001111
011001101001110
011001101001101
011001101001100
011001101001011
011001101001010
011001101001001
011001101001000
011001101000111
011001101000110
011001101000101
011001101000100
011001101000011
011001101000010
011001101000001
011001101000000
011001100111111
011001100111110
011001100111101
011001100111100
011001100111011
011001100111010
011001100111001
011001100111000
011001100110111
011001100110110
011001100110101
011001100110100
011001100110011
011001100110010
011001100110001
011001100110000
011001100101111
011001100101110
011001100101100
011001100101011
011001100101010
011001100101001
011001100101000
011001100100111
011001100100110
011001100100101
011001100100100
011001100100011
011001100100010
011001100100001
011001100100000
011001100011111
011001100011110
011001100011101
011001100011100
011001100011011
011001100011010
011001100011001
011001100011000
011001100010111
011001100010110
011001100010101
011001100010100
011001100010011
011001100010010
011001100010001
011001100010000
011001100001111
011001100001110
011001100001101
011001100001100
011001100001011
011001100001010
011001100001001
011001100001000
011001100000111
011001100000110
011001100000101
011001100000100
011001100000011
011001100000010
011001100000001
011001100000000
011001011111111
011001011111110
011001011111101
011001011111100
011001011111011
011001011111010
011001011111001
011001011111000
011001011110111
011001011110110
011001011110101
011001011110100
011001011110011
011001011110010
011001011110001
011001011110000
011001011101111
011001011101110
011001011101101
011001011101100
011001011101011
011001011101010
011001011101000
011001011100111
011001011100110
011001011100101
011001011100100
011001011100011
011001011100010
011001011100001
011001011100000
011001011011111
011001011011110
011001011011101
011001011011100
011001011011011
011001011011010
011001011011001
011001011011000
011001011010111
011001011010110
011001011010101
011001011010100
011001011010011
011001011010010
011001011010001
011001011010000
011001011001111
011001011001110
011001011001101
011001011001100
011001011001011
011001011001010
011001011001001
011001011001000
011001011000111
011001011000110
011001011000101
011001011000100
011001011000011
011001011000010
011001011000001
011001011000000
011001010111111
011001010111110
011001010111101
011001010111100
011001010111011
011001010111010
011001010111001
011001010111000
011001010110111
011001010110110
011001010110101
011001010110100
011001010110011
011001010110010
011001010110001
011001010110000
011001010101111
011001010101110
011001010101101
011001010101101
011001010101100
011001010101011
011001010101010
011001010101001
011001010101000
011001010100111
011001010100110
011001010100101
011001010100100
011001010100011
011001010100010
011001010100001
011001010100000
011001010011111
011001010011110
011001010011101
011001010011100
011001010011011
011001010011010
011001010011001
011001010011000
011001010010111
011001010010110
011001010010101
011001010010100
011001010010011
011001010010010
011001010010001
011001010010000
011001010001111
011001010001110
011001010001101
011001010001100
011001010001011
011001010001010
011001010001001
011001010001000
011001010000111
011001010000110
011001010000101
011001010000100
011001010000011
011001010000010
011001010000001
011001010000000
011001001111111
011001001111110
011001001111101
011001001111100
011001001111011
011001001111010
011001001111001
011001001111000
011001001110111
011001001110110
011001001110101
011001001110100
011001001110011
011001001110010
011001001110001
011001001110000
011001001101111
011001001101110
011001001101101
011001001101100
011001001101011
011001001101010
011001001101010
011001001101001
011001001101000
011001001100111
011001001100110
011001001100101
011001001100100
011001001100011
011001001100010
011001001100001
011001001100000
011001001011111
011001001011110
011001001011101
011001001011100
011001001011011
011001001011010
011001001011001
011001001011000
011001001010111
011001001010110
011001001010101
011001001010100
011001001010011
011001001010010
011001001010001
011001001010000
011001001001111
011001001001110
011001001001101
011001001001100
011001001001011
011001001001010
011001001001001
011001001001000
011001001000111
011001001000110
011001001000101
011001001000101
011001001000100
011001001000011
011001001000010
011001001000001
011001001000000
011001000111111
011001000111110
011001000111101
011001000111100
011001000111011
011001000111010
011001000111001
011001000111000
011001000110111
011001000110110
011001000110101
011001000110100
011001000110011
011001000110010
011001000110001
011001000110000
011001000101111
011001000101110
011001000101101
011001000101100
011001000101011
011001000101010
011001000101001
011001000101000
011001000101000
011001000100111
011001000100110
011001000100101
011001000100100
011001000100011
011001000100010
011001000100001
011001000100000
011001000011111
011001000011110
011001000011101
011001000011100
011001000011011
011001000011010
011001000011001
011001000011000
011001000010111
011001000010110
011001000010101
011001000010100
011001000010011
011001000010010
011001000010001
011001000010000
011001000010000
011001000001111
011001000001110
011001000001101
011001000001100
011001000001011
011001000001010
011001000001001
011001000001000
011001000000111
011001000000110
011001000000101
011001000000100
011001000000011
011001000000010
011001000000001
011001000000000
011000111111111
011000111111110
011000111111101
011000111111100
011000111111011
011000111111011
011000111111010
011000111111001
011000111111000
011000111110111
011000111110110
011000111110101
011000111110100
011000111110011
011000111110010
011000111110001
011000111110000
011000111101111
011000111101110
011000111101101
011000111101100
011000111101011
011000111101010
011000111101001
011000111101000
011000111101000
011000111100111
011000111100110
011000111100101
011000111100100
011000111100011
011000111100010
011000111100001
011000111100000
011000111011111
011000111011110
011000111011101
011000111011100
011000111011011
011000111011010
011000111011001
011000111011000
011000111010111
011000111010110
011000111010110
011000111010101
011000111010100
011000111010011
011000111010010
011000111010001
011000111010000
011000111001111
011000111001110
011000111001101
011000111001100
011000111001011
011000111001010
011000111001001
011000111001000
011000111000111
011000111000110
011000111000101
011000111000101
011000111000100
011000111000011
011000111000010
011000111000001
011000111000000
011000110111111
011000110111110
011000110111101
011000110111100
011000110111011
011000110111010
011000110111001
011000110111000
011000110110111
011000110110110
011000110110110
011000110110101
011000110110100
011000110110011
011000110110010
011000110110001
011000110110000
011000110101111
011000110101110
011000110101101
011000110101100
011000110101011
011000110101010
011000110101001
011000110101000
011000110100111
011000110100111
011000110100110
011000110100101
011000110100100
011000110100011
011000110100010
011000110100001
011000110100000
011000110011111
011000110011110
011000110011101
011000110011100
011000110011011
011000110011010
011000110011010
011000110011001
011000110011000
011000110010111
011000110010110
011000110010101
011000110010100
011000110010011
011000110010010
011000110010001
011000110010000
011000110001111
011000110001110
011000110001101
011000110001100
011000110001100
011000110001011
011000110001010
011000110001001
011000110001000
011000110000111
011000110000110
011000110000101
011000110000100
011000110000011
011000110000010
011000110000001
011000110000000
011000110000000
011000101111111
011000101111110
011000101111101
011000101111100
011000101111011
011000101111010
011000101111001
011000101111000
011000101110111
011000101110110
011000101110101
011000101110100
011000101110011
011000101110011
011000101110010
011000101110001
011000101110000
011000101101111
011000101101110
011000101101101
011000101101100
011000101101011
011000101101010
011000101101001
011000101101000
011000101101000
011000101100111
011000101100110
011000101100101
011000101100100
011000101100011
011000101100010
011000101100001
011000101100000
011000101011111
011000101011110
011000101011101
011000101011100
011000101011100
011000101011011
011000101011010
011000101011001
011000101011000
011000101010111
011000101010110
011000101010101
011000101010100
011000101010011
011000101010010
011000101010001
011000101010001
011000101010000
011000101001111
011000101001110
011000101001101
011000101001100
011000101001011
011000101001010
011000101001001
011000101001000
011000101000111
011000101000111
011000101000110
011000101000101
011000101000100
011000101000011
011000101000010
011000101000001
011000101000000
011000100111111
011000100111110
011000100111101
011000100111100
011000100111100
011000100111011
011000100111010
011000100111001
011000100111000
011000100110111
011000100110110
011000100110101
011000100110100
011000100110011
011000100110010
011000100110010
011000100110001
011000100110000
011000100101111
011000100101110
011000100101101
011000100101100
011000100101011
011000100101010
011000100101001
011000100101000
011000100101000
011000100100111
011000100100110
011000100100101
011000100100100
011000100100011
011000100100010
011000100100001
011000100100000
011000100011111
011000100011111
011000100011110
011000100011101
011000100011100
011000100011011
011000100011010
011000100011001
011000100011000
011000100010111
011000100010110
011000100010110
011000100010101
011000100010100
011000100010011
011000100010010
011000100010001
011000100010000
011000100001111
011000100001110
011000100001101
011000100001100
011000100001100
011000100001011
011000100001010
011000100001001
011000100001000
011000100000111
011000100000110
011000100000101
011000100000100
011000100000011
011000100000011
011000100000010
011000100000001
011000100000000
011000011111111
011000011111110
011000011111101
011000011111100
011000011111011
011000011111011
011000011111010
011000011111001
011000011111000
011000011110111
011000011110110
011000011110101
011000011110100
011000011110011
011000011110010
011000011110010
011000011110001
011000011110000
011000011101111
011000011101110
011000011101101
011000011101100
011000011101011
011000011101010
011000011101010
011000011101001
011000011101000
011000011100111
011000011100110
011000011100101
011000011100100
011000011100011
011000011100010
011000011100001
011000011100001
011000011100000
011000011011111
011000011011110
011000011011101
011000011011100
011000011011011
011000011011010
011000011011001
011000011011001
011000011011000
011000011010111
011000011010110
011000011010101
011000011010100
011000011010011
011000011010010
011000011010001
011000011010001
011000011010000
011000011001111
011000011001110
011000011001101
011000011001100
011000011001011
011000011001010
011000011001001
011000011001001
011000011001000
011000011000111
011000011000110
011000011000101
011000011000100
011000011000011
011000011000010
011000011000010
011000011000001
011000011000000
011000010111111
011000010111110
011000010111101
011000010111100
011000010111011
011000010111010
011000010111010
011000010111001
011000010111000
011000010110111
011000010110110
011000010110101
011000010110100
011000010110011
011000010110011
011000010110010
011000010110001
011000010110000
011000010101111
011000010101110
011000010101101
011000010101100
011000010101011
011000010101011
011000010101010
011000010101001
011000010101000
011000010100111
011000010100110
011000010100101
011000010100100
011000010100100
011000010100011
011000010100010
011000010100001
011000010100000
011000010011111
011000010011110
011000010011101
011000010011101
011000010011100
011000010011011
011000010011010
011000010011001
011000010011000
011000010010111
011000010010110
011000010010110
011000010010101
011000010010100
011000010010011
011000010010010
011000010010001
011000010010000
011000010001111
011000010001111
011000010001110
011000010001101
011000010001100
011000010001011
011000010001010
011000010001001
011000010001000
011000010001000
011000010000111
011000010000110
011000010000101
011000010000100
011000010000011
011000010000010
011000010000001
011000010000001
011000010000000
011000001111111
011000001111110
011000001111101
011000001111100
011000001111011
011000001111010
011000001111010
011000001111001
011000001111000
011000001110111
011000001110110
011000001110101
011000001110100
011000001110100
011000001110011
011000001110010
011000001110001
011000001110000
011000001101111
011000001101110
011000001101101
011000001101101
011000001101100
011000001101011
011000001101010
011000001101001
011000001101000
011000001100111
011000001100111
011000001100110
011000001100101
011000001100100
011000001100011
011000001100010
011000001100001
011000001100000
011000001100000
011000001011111
011000001011110
011000001011101
011000001011100
011000001011011
011000001011010
011000001011010
011000001011001
011000001011000
011000001010111
011000001010110
011000001010101
011000001010100
011000001010100
011000001010011
011000001010010
011000001010001
011000001010000
011000001001111
011000001001110
011000001001110
011000001001101
011000001001100
011000001001011
011000001001010
011000001001001
011000001001000
011000001001000
011000001000111
011000001000110
011000001000101
011000001000100
011000001000011
011000001000010
011000001000010
011000001000001
011000001000000
011000000111111
011000000111110
011000000111101
011000000111100
011000000111100
011000000111011
011000000111010
011000000111001
011000000111000
011000000110111
011000000110110
011000000110110
011000000110101
011000000110100
011000000110011
011000000110010
011000000110001
011000000110000
011000000110000
011000000101111
011000000101110
011000000101101
011000000101100
011000000101011
011000000101010
011000000101010
011000000101001
011000000101000
011000000100111
011000000100110
011000000100101
011000000100100
011000000100100
011000000100011
011000000100010
011000000100001
011000000100000
011000000011111
011000000011110
011000000011110
011000000011101
011000000011100
011000000011011
011000000011010
011000000011001
011000000011001
011000000011000
011000000010111
011000000010110
011000000010101
011000000010100
011000000010011
011000000010011
011000000010010
011000000010001
011000000010000
011000000001111
011000000001110
011000000001110
011000000001101
011000000001100
011000000001011
011000000001010
011000000001001
011000000001000
011000000001000
011000000000111
011000000000110
011000000000101
011000000000100
011000000000011
011000000000011
011000000000010
011000000000001
011000000000000
010111111111111
010111111111110
010111111111101
010111111111101
010111111111100
010111111111011
010111111111010
010111111111001
010111111111000
010111111111000
010111111110111
010111111110110
010111111110101
010111111110100
010111111110011
010111111110011
010111111110010
010111111110001
010111111110000
010111111101111
010111111101110
010111111101101
010111111101101
010111111101100
010111111101011
010111111101010
010111111101001
010111111101000
010111111101000
010111111100111
010111111100110
010111111100101
010111111100100
010111111100011
010111111100011
010111111100010
010111111100001
010111111100000
010111111011111
010111111011110
010111111011110
010111111011101
010111111011100
010111111011011
010111111011010
010111111011001
010111111011001
010111111011000
010111111010111
010111111010110
010111111010101
010111111010100
010111111010100
010111111010011
010111111010010
010111111010001
010111111010000
010111111001111
010111111001111
010111111001110
010111111001101
010111111001100
010111111001011
010111111001010
010111111001010
010111111001001
010111111001000
010111111000111
010111111000110
010111111000101
010111111000101
010111111000100
010111111000011
010111111000010
010111111000001
010111111000000
010111111000000
010111110111111
010111110111110
010111110111101
010111110111100
010111110111011
010111110111011
010111110111010
010111110111001
010111110111000
010111110110111
010111110110110
010111110110110
010111110110101
010111110110100
010111110110011
010111110110010
010111110110001
010111110110001
010111110110000
010111110101111
010111110101110
010111110101101
010111110101100
010111110101100
010111110101011
010111110101010
010111110101001
010111110101000
010111110101000
010111110100111
010111110100110
010111110100101
010111110100100
010111110100011
010111110100011
010111110100010
010111110100001
010111110100000
010111110011111
010111110011110
010111110011110
010111110011101
010111110011100
010111110011011
010111110011010
010111110011001
010111110011001
010111110011000
010111110010111
010111110010110
010111110010101
010111110010101
010111110010100
010111110010011
010111110010010
010111110010001
010111110010000
010111110010000
010111110001111
010111110001110
010111110001101
010111110001100
010111110001100
010111110001011
010111110001010
010111110001001
010111110001000
010111110000111
010111110000111
010111110000110
010111110000101
010111110000100
010111110000011
010111110000011
010111110000010
010111110000001
010111110000000
010111101111111
010111101111110
010111101111110
010111101111101
010111101111100
010111101111011
010111101111010
010111101111010
010111101111001
010111101111000
010111101110111
010111101110110
010111101110101
010111101110101
010111101110100
010111101110011
010111101110010
010111101110001
010111101110001
010111101110000
010111101101111
010111101101110
010111101101101
010111101101100
010111101101100
010111101101011
010111101101010
010111101101001
010111101101000
010111101101000
010111101100111
010111101100110
010111101100101
010111101100100
010111101100100
010111101100011
010111101100010
010111101100001
010111101100000
010111101011111
010111101011111
010111101011110
010111101011101
010111101011100
010111101011011
010111101011011
010111101011010
010111101011001
010111101011000
010111101010111
010111101010111
010111101010110
010111101010101
010111101010100
010111101010011
010111101010011
010111101010010
010111101010001
010111101010000
010111101001111
010111101001110
010111101001110
010111101001101
010111101001100
010111101001011
010111101001010
010111101001010
010111101001001
010111101001000
010111101000111
010111101000110
010111101000110
010111101000101
010111101000100
010111101000011
010111101000010
010111101000010
010111101000001
010111101000000
010111100111111
010111100111110
010111100111110
010111100111101
010111100111100
010111100111011
010111100111010
010111100111010
010111100111001
010111100111000
010111100110111
010111100110110
010111100110110
010111100110101
010111100110100
010111100110011
010111100110010
010111100110001
010111100110001
010111100110000
010111100101111
010111100101110
010111100101101
010111100101101
010111100101100
010111100101011
010111100101010
010111100101001
010111100101001
010111100101000
010111100100111
010111100100110
010111100100101
010111100100101
010111100100100
010111100100011
010111100100010
010111100100001
010111100100001
010111100100000
010111100011111
010111100011110
010111100011101
010111100011101
010111100011100
010111100011011
010111100011010
010111100011010
010111100011001
010111100011000
010111100010111
010111100010110
010111100010110
010111100010101
010111100010100
010111100010011
010111100010010
010111100010010
010111100010001
010111100010000
010111100001111
010111100001110
010111100001110
010111100001101
010111100001100
010111100001011
010111100001010
010111100001010
010111100001001
010111100001000
010111100000111
010111100000110
010111100000110
010111100000101
010111100000100
010111100000011
010111100000010
010111100000010
010111100000001
010111100000000
010111011111111
010111011111110
010111011111110
010111011111101
010111011111100
010111011111011
010111011111011
010111011111010
010111011111001
010111011111000
010111011110111
010111011110111
010111011110110
010111011110101
010111011110100
010111011110011
010111011110011
010111011110010
010111011110001
010111011110000
010111011101111
010111011101111
010111011101110
010111011101101
010111011101100
010111011101100
010111011101011
010111011101010
010111011101001
010111011101000
010111011101000
010111011100111
010111011100110
010111011100101
010111011100100
010111011100100
010111011100011
010111011100010
010111011100001
010111011100000
010111011100000
010111011011111
010111011011110
010111011011101
010111011011101
010111011011100
010111011011011
010111011011010
010111011011001
010111011011001
010111011011000
010111011010111
010111011010110
010111011010110
010111011010101
010111011010100
010111011010011
010111011010010
010111011010010
010111011010001
010111011010000
010111011001111
010111011001110
010111011001110
010111011001101
010111011001100
010111011001011
010111011001011
010111011001010
010111011001001
010111011001000
010111011000111
010111011000111
010111011000110
010111011000101
010111011000100
010111011000100
010111011000011
010111011000010
010111011000001
010111011000000
010111011000000
010111010111111
010111010111110
010111010111101
010111010111101
010111010111100
010111010111011
010111010111010
010111010111001
010111010111001
010111010111000
010111010110111
010111010110110
010111010110101
010111010110101
010111010110100
010111010110011
010111010110010
010111010110010
010111010110001
010111010110000
010111010101111
010111010101111
010111010101110
010111010101101
010111010101100
010111010101011
010111010101011
010111010101010
010111010101001
010111010101000
010111010101000
010111010100111
010111010100110
010111010100101
010111010100100
010111010100100
010111010100011
010111010100010
010111010100001
010111010100001
010111010100000
010111010011111
010111010011110
010111010011101
010111010011101
010111010011100
010111010011011
010111010011010
010111010011010
010111010011001
010111010011000
010111010010111
010111010010111
010111010010110
010111010010101
010111010010100
010111010010011
010111010010011
010111010010010
010111010010001
010111010010000
010111010010000
010111010001111
010111010001110
010111010001101
010111010001100
010111010001100
010111010001011
010111010001010
010111010001001
010111010001001
010111010001000
010111010000111
010111010000110
010111010000110
010111010000101
010111010000100
010111010000011
010111010000010
010111010000010
010111010000001
010111010000000
010111001111111
010111001111111
010111001111110
010111001111101
010111001111100
010111001111100
010111001111011
010111001111010
010111001111001
010111001111001
010111001111000
010111001110111
010111001110110
010111001110101
010111001110101
010111001110100
010111001110011
010111001110010
010111001110010
010111001110001
010111001110000
010111001101111
010111001101111
010111001101110
010111001101101
010111001101100
010111001101100
010111001101011
010111001101010
010111001101001
010111001101000
010111001101000
010111001100111
010111001100110
010111001100101
010111001100101
010111001100100
010111001100011
010111001100010
010111001100010
010111001100001
010111001100000
010111001011111
010111001011111
010111001011110
010111001011101
010111001011100
010111001011100
010111001011011
010111001011010
010111001011001
010111001011000
010111001011000
010111001010111
010111001010110
010111001010101
010111001010101
010111001010100
010111001010011
010111001010010
010111001010010
010111001010001
010111001010000
010111001001111
010111001001111
010111001001110
010111001001101
010111001001100
010111001001100
010111001001011
010111001001010
010111001001001
010111001001001
010111001001000
010111001000111
010111001000110
010111001000110
010111001000101
010111001000100
010111001000011
010111001000011
010111001000010
010111001000001
010111001000000
010111001000000
010111000111111
010111000111110
010111000111101
010111000111100
010111000111100
010111000111011
010111000111010
010111000111001
010111000111001
010111000111000
010111000110111
010111000110110
010111000110110
010111000110101
010111000110100
010111000110011
010111000110011
010111000110010
010111000110001
010111000110000
010111000110000
010111000101111
010111000101110
010111000101101
010111000101101
010111000101100
010111000101011
010111000101010
010111000101010
010111000101001
010111000101000
010111000100111
010111000100111
010111000100110
010111000100101
010111000100100
010111000100100
010111000100011
010111000100010
010111000100001
010111000100001
010111000100000
010111000011111
010111000011110
010111000011110
010111000011101
010111000011100
010111000011011
010111000011011
010111000011010
010111000011001
010111000011000
010111000011000
010111000010111
010111000010110
010111000010101
010111000010101
010111000010100
010111000010011
010111000010010
010111000010010
010111000010001
010111000010000
010111000001111
010111000001111
010111000001110
010111000001101
010111000001101
010111000001100
010111000001011
010111000001010
010111000001010
010111000001001
010111000001000
010111000000111
010111000000111
010111000000110
010111000000101
010111000000100
010111000000100
010111000000011
010111000000010
010111000000001
010111000000001
010111000000000
010110111111111
010110111111110
010110111111110
010110111111101
010110111111100
010110111111011
010110111111011
010110111111010
010110111111001
010110111111000
010110111111000
010110111110111
010110111110110
010110111110101
010110111110101
010110111110100
010110111110011
010110111110011
010110111110010
010110111110001
010110111110000
010110111110000
010110111101111
010110111101110
010110111101101
010110111101101
010110111101100
010110111101011
010110111101010
010110111101010
010110111101001
010110111101000
010110111100111
010110111100111
010110111100110
010110111100101
010110111100100
010110111100100
010110111100011
010110111100010
010110111100010
010110111100001
010110111100000
010110111011111
010110111011111
010110111011110
010110111011101
010110111011100
010110111011100
010110111011011
010110111011010
010110111011001
010110111011001
010110111011000
010110111010111
010110111010110
010110111010110
010110111010101
010110111010100
010110111010100
010110111010011
010110111010010
010110111010001
010110111010001
010110111010000
010110111001111
010110111001110
010110111001110
010110111001101
010110111001100
010110111001011
010110111001011
010110111001010
010110111001001
010110111001001
010110111001000
010110111000111
010110111000110
010110111000110
010110111000101
010110111000100
010110111000011
010110111000011
010110111000010
010110111000001
010110111000000
010110111000000
010110110111111
010110110111110
010110110111110
010110110111101
010110110111100
010110110111011
010110110111011
010110110111010
010110110111001
010110110111000
010110110111000
010110110110111
010110110110110
010110110110110
010110110110101
010110110110100
010110110110011
010110110110011
010110110110010
010110110110001
010110110110000
010110110110000
010110110101111
010110110101110
010110110101110
010110110101101
010110110101100
010110110101011
010110110101011
010110110101010
010110110101001
010110110101000
010110110101000
010110110100111
010110110100110
010110110100110
010110110100101
010110110100100
010110110100011
010110110100011
010110110100010
010110110100001
010110110100000
010110110100000
010110110011111
010110110011110
010110110011110
010110110011101
010110110011100
010110110011011
010110110011011
010110110011010
010110110011001
010110110011001
010110110011000
010110110010111
010110110010110
010110110010110
010110110010101
010110110010100
010110110010011
010110110010011
010110110010010
010110110010001
010110110010001
010110110010000
010110110001111
010110110001110
010110110001110
010110110001101
010110110001100
010110110001100
010110110001011
010110110001010
010110110001001
010110110001001
010110110001000
010110110000111
010110110000110
010110110000110
010110110000101
010110110000100
010110110000100
010110110000011
010110110000010
010110110000001
010110110000001
010110110000000
010110101111111
010110101111111
010110101111110
010110101111101
010110101111100
010110101111100
010110101111011
010110101111010
010110101111010
010110101111001
010110101111000
010110101110111
010110101110111
010110101110110
010110101110101
010110101110100
010110101110100
010110101110011
010110101110010
010110101110010
010110101110001
010110101110000
010110101101111
010110101101111
010110101101110
010110101101101
010110101101101
010110101101100
010110101101011
010110101101010
010110101101010
010110101101001
010110101101000
010110101101000
010110101100111
010110101100110
010110101100101
010110101100101
010110101100100
010110101100011
010110101100011
010110101100010
010110101100001
010110101100000
010110101100000
010110101011111
010110101011110
010110101011110
010110101011101
010110101011100
010110101011011
010110101011011
010110101011010
010110101011001
010110101011001
010110101011000
010110101010111
010110101010111
010110101010110
010110101010101
010110101010100
010110101010100
010110101010011
010110101010010
010110101010010
010110101010001
010110101010000
010110101001111
010110101001111
010110101001110
010110101001101
010110101001101
010110101001100
010110101001011
010110101001010
010110101001010
010110101001001
010110101001000
010110101001000
010110101000111
010110101000110
010110101000101
010110101000101
010110101000100
010110101000011
010110101000011
010110101000010
010110101000001