10000000000000000000000
01111111110100000000111
01111111101000000011110
01111111011100001000011
01111111010000001110111
01111111000100010111010
01111110111000100001100
01111110101100101101101
01111110100000111011100
01111110010101001011001
01111110001001011100110
01111101111101110000000
01111101110010000101001
01111101100110011100001
01111101011010110100111
01111101001111001111011
01111101000011101011110
01111100111000001001110
01111100101100101001101
01111100100001001011010
01111100010101101110101
01111100001010010011110
01111011111110111010101
01111011110011100011010
01111011101000001101101
01111011011100111001110
01111011010001100111100
01111011000110010111000
01111010111011001000010
01111010101111111011010
01111010100100101111111
01111010011001100110001
01111010001110011110010
01111010000011010111111
01111001111000010011010
01111001101101010000011
01111001100010001111001
01111001010111001111100
01111001001100010001100
01111001000001010101001
01111000110110011010100
01111000101011100001100
01111000100000101010001
01111000010101110100011
01111000001011000000010
01111000000000001101110
01110111110101011100110
01110111101010101101100
01110111011111111111110
01110111010101010011110
01110111001010101001010
01110111000000000000010
01110110110101011001000
01110110101010110011001
01110110100000001111000
01110110010101101100011
01110110001011001011010
01110110000000101011110
01110101110110001101111
01110101101011110001100
01110101100001010110101
01110101010110111101010
01110101001100100101100
01110101000010001111001
01110100110111111010011
01110100101101100111001
01110100100011010101100
01110100011001000101010
01110100001110110110100
01110100000100101001011
01110011111010011101101
01110011110000010011011
01110011100110001010101
01110011011100000011011
01110011010001111101100
01110011000111111001001
01110010111101110110011
01110010110011110100111
01110010101001110101000
01110010011111110110100
01110010010101111001011
01110010001011111101110
01110010000010000011101
01110001111000001010111
01110001101110010011100
01110001100100011101101
01110001011010101001001
01110001010000110110000
01110001000111000100011
01110000111101010100001
01110000110011100101010
01110000101001110111111
01110000100000001011110
01110000010110100001001
01110000001100110111110
01110000000011001111111
01101111111001101001011
01101111110000000100001
01101111100110100000011
01101111011100111101111
01101111010011011100111
01101111001001111101001
01101111000000011110110
01101110110111000001101
01101110101101100110000
01101110100100001011101
01101110011010110010101
01101110010001011010111
01101110001000000100100
01101101111110101111100
01101101110101011011110
01101101101100001001010
01101101100010111000001
01101101011001101000011
01101101010000011001111
01101101000111001100101
01101100111110000000101
01101100110100110110000
01101100101011101100101
01101100100010100100101
01101100011001011101110
01101100010000011000010
01101100000111010100000
01101011111110010001000
01101011110101001111010
01101011101100001110110
01101011100011001111101
01101011011010010001101
01101011010001010100111
01101011001000011001011
01101010111111011111001
01101010110110100110001
01101010101101101110010
01101010100100110111110
01101010011100000010011
01101010010011001110010
01101010001010011011011
01101010000001101001110
01101001111000111001010
01101001110000001001111
01101001100111011011111
01101001011110101111000
01101001010110000011010
01101001001101011000110
01101001000100101111100
01101000111100000111011
01101000110011100000011
01101000101010111010101
01101000100010010110000
01101000011001110010101
01101000010001010000011
01101000001000101111010
01101000000000001111010
01100111110111110000100
01100111101111010010111
01100111100110110110011
01100111011110011011000
01100111010110000000111
01100111001101100111110
01100111000101001111111
01100110111100111001000
01100110110100100011011
01100110101100001110110
01100110100011111011011
01100110011011101001001
01100110010011010111111
01100110001011000111110
01100110000010111000111
01100101111010101011000
01100101110010011110010
01100101101010010010100
01100101100010001000000
01100101011001111110100
01100101010001110110001
01100101001001101110110
01100101000001101000101
01100100111001100011011
01100100110001011111011
01100100101001011100011
01100100100001011010011
01100100011001011001101
01100100010001011001110
01100100001001011011000
01100100000001011101011
01100011111001100000110
01100011110001100101010
01100011101001101010101
01100011100001110001010
01100011011001111000110
01100011010010000001011
01100011001010001011000
01100011000010010101110
01100010111010100001011
01100010110010101110001
01100010101010111011111
01100010100011001010101
01100010011011011010100
01100010010011101011010
01100010001011111101001
01100010000100010000000
01100001111100100011110
01100001110100111000101
01100001101101001110100
01100001100101100101011
01100001011101111101010
01100001010110010110000
01100001001110101111111
01100001000111001010101
01100000111111100110100
01100000111000000011010
01100000110000100001000
01100000101000111111110
01100000100001011111100
01100000011010000000001
01100000010010100001110
01100000001011000100011
01100000000011101000000
01011111111100001100100
01011111110100110010000
01011111101101011000100
01011111100101111111111
01011111011110101000010
01011111010111010001100
01011111001111111011110
01011111001000100110111
01011111000001010011000
01011110111010000000001
01011110110010101110000
01011110101011011101000
01011110100100001100110
01011110011100111101101
01011110010101101111010
01011110001110100001111
01011110000111010101011
01011110000000001001111
01011101111000111111001
01011101110001110101100
01011101101010101100101
01011101100011100100110
01011101011100011101101
01011101010101010111100
01011101001110010010011
01011101000111001110000
01011101000000001010100
01011100111001001000000
01011100110010000110011
01011100101011000101101
01011100100100000101101
01011100011101000110101
01011100010110001000100
01011100001111001011010
01011100001000001110111
01011100000001010011011
01011011111010011000110
01011011110011011110111
01011011101100100110000
01011011100101101110000
01011011011110110110110
01011011011000000000011
01011011010001001010111
01011011001010010110010
01011011000011100010100
01011010111100101111100
01011010110101111101100
01011010101111001100010
01011010101000011011110
01011010100001101100010
01011010011010111101100
01011010010100001111100
01011010001101100010100
01011010000110110110010
01011010000000001010111
01011001111001100000010
01011001110010110110100
01011001101100001101100
01011001100101100101011
01011001011110111110000
01011001011000010111100
01011001010001110001111
01011001001011001100111
01011001000100101000111
01011000111110000101101
01011000110111100011001
01011000110001000001011
01011000101010100000100
01011000100100000000100
01011000011101100001010
01011000010111000010110
01011000010000100101000
01011000001010001000001
01011000000011101100000
01010111111101010000101
01010111110110110110000
01010111110000011100010
01010111101010000011010
01010111100011101011000
01010111011101010011100
01010111010110111100111
01010111010000100110111
01010111001010010001110
01010111000011111101011
01010110111101101001110
01010110110111010110111
01010110110001000100110
01010110101010110011011
01010110100100100010111
01010110011110010011000
01010110011000000011111
01010110010001110101100
01010110001011100111111
01010110000101011011001
01010101111111001111000
01010101111001000011101
01010101110010111001000
01010101101100101111001
01010101100110100101111
01010101100000011101100
01010101011010010101111
01010101010100001110111
01010101001110001000101
01010101001000000011001
01010101000001111110011
01010100111011111010010
01010100110101110110111
01010100101111110100010
01010100101001110010011
01010100100011110001010
01010100011101110000110
01010100010111110001000
01010100010001110001111
01010100001011110011100
01010100000101110101111
01010011111111111000111
01010011111001111100110
01010011110100000001001
01010011101110000110010
01010011101000001100001
01010011100010010010110
01010011011100011010000
01010011010110100001111
01010011010000101010100
01010011001010110011110
01010011000100111101110
01010010111111001000100
01010010111001010011111
01010010110011011111111
01010010101101101100101
01010010100111111010000
01010010100010001000000
01010010011100010110110
01010010010110100110001
01010010010000110110010
01010010001011000111000
01010010000101011000100
01010001111111101010100
01010001111001111101010
01010001110100010000101
01010001101110100100110
01010001101000111001100
01010001100011001110111
01010001011101100100111
01010001010111111011101
01010001010010010010111
01010001001100101010111
01010001000111000011100
01010001000001011100111
01010000111011110110110
01010000110110010001011
01010000110000101100101
01010000101011001000011
01010000100101100100111
01010000100000000010000
01010000011010011111111
01010000010100111110010
01010000001111011101010
01010000001001111100111
01010000000100011101010
01001111111110111110001
01001111111001011111110
01001111110100000001111
01001111101110100100101
01001111101001001000001
01001111100011101100001
01001111011110010000110
01001111011000110110000
01001111010011011011111
01001111001110000010011
01001111001000101001100
01001111000011010001010
01001110111101111001101
01001110111000100010100
01001110110011001100001
01001110101101110110010
01001110101000100001000
01001110100011001100011
01001110011101111000010
01001110011000100100111
01001110010011010010000
01001110001101111111110
01001110001000101110001
01001110000011011101000
01001101111110001100100
01001101111000111100101
01001101110011101101011
01001101101110011110101
01001101101001010000100
01001101100100000011000
01001101011110110110000
01001101011001101001101
01001101010100011101111
01001101001111010010101
01001101001010001000000
01001101000100111101111
01001100111111110100011
01001100111010101011100
01001100110101100011001
01001100110000011011011
01001100101011010100001
01001100100110001101100
01001100100001000111011
01001100011100000001111
01001100010110111101000
01001100010001111000101
01001100001100110100110
01001100000111110001100
01001100000010101110110
01001011111101101100101
01001011111000101011000
01001011110011101010000
01001011101110101001100
01001011101001101001100
01001011100100101010001
01001011011111101011010
01001011011010101101000
01001011010101101111010
01001011010000110010000
01001011001011110101011
01001011000110111001010
01001011000001111101101
01001010111101000010101
01001010111000001000001
01001010110011001110001
01001010101110010100101
01001010101001011011110
01001010100100100011011
01001010011111101011101
01001010011010110100010
01001010010101111101100
01001010010001000111010
01001010001100010001100
01001010000111011100011
01001010000010100111101
01001001111101110011100
01001001111000111111111
01001001110100001100110
01001001101111011010001
01001001101010101000001
01001001100101110110100
01001001100001000101100
01001001011100010101000
01001001010111100101000
01001001010010110101100
01001001001110000110100
01001001001001011000000
01001001000100101010000
01001000111111111100100
01001000111011001111101
01001000110110100011001
01001000110001110111001
01001000101101001011110
01001000101000100000110
01001000100011110110011
01001000011111001100011
01001000011010100010111
01001000010101111010000
01001000010001010001100
01001000001100101001100
01001000001000000010001
01001000000011011011001
01000111111110110100101
01000111111010001110101
01000111110101101001001
01000111110001000100000
01000111101100011111100
01000111100111111011100
01000111100011010111111
01000111011110110100110
01000111011010010010001
01000111010101110000000
01000111010001001110011
01000111001100101101010
01000111001000001100100
01000111000011101100010
01000110111111001100101
01000110111010101101010
01000110110110001110100
01000110110001110000001
01000110101101010010011
01000110101000110100111
01000110100100011000000
01000110011111111011101
01000110011011011111101
01000110010111000100001
01000110010010101001000
01000110001110001110011
01000110001001110100010
01000110000101011010101
01000110000001000001011
01000101111100101000101
01000101111000010000011
01000101110011111000100
01000101101111100001001
01000101101011001010010
01000101100110110011110
01000101100010011101110
01000101011110001000001
01000101011001110011001
01000101010101011110011
01000101010001001010001
01000101001100110110011
01000101001000100011001
01000101000100010000010
01000100111111111101110
01000100111011101011110
01000100110111011010010
01000100110011001001001
01000100101110111000100
01000100101010101000010
01000100100110011000100
01000100100010001001001
01000100011101111010001
01000100011001101011110
01000100010101011101101
01000100010001010000000
01000100001101000010111
01000100001000110110001
01000100000100101001110
01000100000000011101111
01000011111100010010100
01000011111000000111011
01000011110011111100111
01000011101111110010101
01000011101011101000111
01000011100111011111100
01000011100011010110101
01000011011111001110001
01000011011011000110001
01000011010110111110100
01000011010010110111010
01000011001110110000011
01000011001010101010000
01000011000110100100001
01000011000010011110100
01000010111110011001011
01000010111010010100101
01000010110110010000011
01000010110010001100011
01000010101110001000111
01000010101010000101111
01000010100110000011001
01000010100010000000111
01000010011101111111000
01000010011001111101101
01000010010101111100100
01000010010001111011111
01000010001101111011101
01000010001001111011111
01000010000101111100011
01000010000001111101011
01000001111101111110110
01000001111010000000100
01000001110110000010101
01000001110010000101010
01000001101110001000010
01000001101010001011100
01000001100110001111010
01000001100010010011100
01000001011110011000000
01000001011010011100111
01000001010110100010010
01000001010010101000000
01000001001110101110000
01000001001010110100100
01000001000110111011011
01000001000011000010110
01000000111111001010011
01000000111011010010011
01000000110111011010111
01000000110011100011101
01000000101111101100111
01000000101011110110011
01000000101000000000011
01000000100100001010101
01000000100000010101011
01000000011100100000100
01000000011000101100000
01000000010100110111110
01000000010001000100000
01000000001101010000101
01000000001001011101101
01000000000101101011000
01000000000001111000101
00111111111110000110110
00111111111010010101010
00111111110110100100001
00111111110010110011010
00111111101111000010111
00111111101011010010110
00111111100111100011001
00111111100011110011110
00111111100000000100111
00111111011100010110010
00111111011000101000000
00111111010100111010001
00111111010001001100101
00111111001101011111100
00111111001001110010110
00111111000110000110011
00111111000010011010010
00111110111110101110101
00111110111011000011010
00111110110111011000010
00111110110011101101101
00111110110000000011011
00111110101100011001100
00111110101000110000000
00111110100101000110110
00111110100001011101111
00111110011101110101011
00111110011010001101010
00111110010110100101100
00111110010010111110000
00111110001111010110111
00111110001011110000010
00111110001000001001110
00111110000100100011110
00111110000000111110000
00111101111101011000101
00111101111001110011101
00111101110110001111000
00111101110010101010101
00111101101111000110110
00111101101011100011000
00111101100111111111110
00111101100100011100110
00111101100000111010001
00111101011101010111111
00111101011001110110000
00111101010110010100011
00111101010010110011001
00111101001111010010001
00111101001011110001100
00111101001000010001010
00111101000100110001011
00111101000001010001110
00111100111101110010100
00111100111010010011101
00111100110110110101000
00111100110011010110110
00111100101111111000110
00111100101100011011010
00111100101000111101111
00111100100101100001000
00111100100010000100011
00111100011110101000001
00111100011011001100001
00111100010111110000100
00111100010100010101001
00111100010000111010001
00111100001101011111100
00111100001010000101001
00111100000110101011001
00111100000011010001011
00111011111111111000000
00111011111100011111000
00111011111001000110010
00111011110101101101110
00111011110010010101101
00111011101110111101111
00111011101011100110011
00111011101000001111010
00111011100100111000011
00111011100001100001111
00111011011110001011101
00111011011010110101110
00111011010111100000010
00111011010100001010111
00111011010000110110000
00111011001101100001010
00111011001010001101000
00111011000110111000111
00111011000011100101010
00111011000000010001110
00111010111100111110101
00111010111001101011111
00111010110110011001011
00111010110011000111010
00111010101111110101011
00111010101100100011110
00111010101001010010100
00111010100110000001100
00111010100010110000111
00111010011111100000100
00111010011100010000011
00111010011001000000101
00111010010101110001001
00111010010010100010000
00111010001111010011001
00111010001100000100101
00111010001000110110011
00111010000101101000011
00111010000010011010110
00111001111111001101011
00111001111100000000010
00111001111000110011100
00111001110101100111000
00111001110010011010110
00111001101111001110111
00111001101100000011010
00111001101000110111111
00111001100101101100111
00111001100010100010001
00111001011111010111110
00111001011100001101100
00111001011001000011101
00111001010101111010001
00111001010010110000111
00111001001111100111110
00111001001100011111001
00111001001001010110101
00111001000110001110100
00111001000011000110101
00111000111111111111001
00111000111100110111110
00111000111001110000110
00111000110110101010000
00111000110011100011101
00111000110000011101100
00111000101101010111100
00111000101010010010000
00111000100111001100101
00111000100100000111101
00111000100001000010111
00111000011101111110011
00111000011010111010001
00111000010111110110010
00111000010100110010101
00111000010001101111010
00111000001110101100001
00111000001011101001010
00111000001000100110110
00111000000101100100011
00111000000010100010011
00110111111111100000110
00110111111100011111010
00110111111001011110000
00110111110110011101001
00110111110011011100100
00110111110000011100001
00110111101101011100000
00110111101010011100001
00110111100111011100101
00110111100100011101011
00110111100001011110010
00110111011110011111100
00110111011011100001000
00110111011000100010110
00110111010101100100111
00110111010010100111001
00110111001111101001110
00110111001100101100100
00110111001001101111101
00110111000110110011000
00110111000011110110101
00110111000000111010100
00110110111101111110101
00110110111011000011000
00110110111000000111101
00110110110101001100101
00110110110010010001110
00110110101111010111010
00110110101100011100111
00110110101001100010111
00110110100110101001001
00110110100011101111100
00110110100000110110010
00110110011101111101010
00110110011011000100100
00110110011000001100000
00110110010101010011110
00110110010010011011110
00110110001111100100000
00110110001100101100100
00110110001001110101010
00110110000110111110010
00110110000100000111100
00110110000001010001000
00110101111110011010110
00110101111011100100110
00110101111000101111001
00110101110101111001101
00110101110011000100011
00110101110000001111011
00110101101101011010101
00110101101010100110001
00110101100111110001111
00110101100100111101111
00110101100010001010001
00110101011111010110101
00110101011100100011011
00110101011001110000010
00110101010110111101100
00110101010100001011000
00110101010001011000110
00110101001110100110101
00110101001011110100111
00110101001001000011010
00110101000110010010000
00110101000011100000111
00110101000000110000000
00110100111101111111011
00110100111011001111000
00110100111000011110111
00110100110101101111000
00110100110010111111011
00110100110000010000000
00110100101101100000110
00110100101010110001111
00110100101000000011001
00110100100101010100101
00110100100010100110011
00110100011111111000100
00110100011101001010101
00110100011010011101001
00110100010111101111111
00110100010101000010110
00110100010010010110000
00110100001111101001011
00110100001100111101000
00110100001010010000111
00110100000111100101000
00110100000100111001010
00110100000010001101111
00110011111111100010101
00110011111100110111101
00110011111010001100111
00110011110111100010011
00110011110100111000000
00110011110010001110000
00110011101111100100001
00110011101100111010100
00110011101010010001001
00110011100111101000000
00110011100100111111000
00110011100010010110010
00110011011111101101110
00110011011101000101100
00110011011010011101100
00110011010111110101101
00110011010101001110000
00110011010010100110101
00110011001111111111100
00110011001101011000101
00110011001010110001111
00110011001000001011011
00110011000101100101001
00110011000010111111000
00110011000000011001010
00110010111101110011101
00110010111011001110010
00110010111000101001000
00110010110110000100001
00110010110011011111011
00110010110000111010111
00110010101110010110100
00110010101011110010011
00110010101001001110100
00110010100110101010111
00110010100100000111100
00110010100001100100010
00110010011111000001010
00110010011100011110011
00110010011001111011110
00110010010111011001011
00110010010100110111010
00110010010010010101011
00110010001111110011101
00110010001101010010000
00110010001010110000110
00110010001000001111101
00110010000101101110110
00110010000011001110000
00110010000000101101101
00110001111110001101011
00110001111011101101010
00110001111001001101011
00110001110110101101110
00110001110100001110011
00110001110001101111001
00110001101111010000001
00110001101100110001010
00110001101010010010101
00110001100111110100010
00110001100101010110001
00110001100010111000001
00110001100000011010011
00110001011101111100110
00110001011011011111011
00110001011001000010010
00110001010110100101010
00110001010100001000100
00110001010001101011111
00110001001111001111100
00110001001100110011011
00110001001010010111011
00110001000111111011101
00110001000101100000001
00110001000011000100110
00110001000000101001101
00110000111110001110101
00110000111011110011111
00110000111001011001011
00110000110110111111000
00110000110100100100110
00110000110010001010111
00110000101111110001001
00110000101101010111100
00110000101010111110001
00110000101000100101000
00110000100110001100000
00110000100011110011010
00110000100001011010101
00110000011111000010010
00110000011100101010000
00110000011010010010000
00110000010111111010010
00110000010101100010101
00110000010011001011001
00110000010000110011111
00110000001110011100111
00110000001100000110000
00110000001001101111011
00110000000111011000111
00110000000101000010101
00110000000010101100101
00110000000000010110101
00101111111110000001000
00101111111011101011100
00101111111001010110001
00101111110111000001000
00101111110100101100001
00101111110010010111011
00101111110000000010110
00101111101101101110011
00101111101011011010001
00101111101001000110001
00101111100110110010011
00101111100100011110110
00101111100010001011010
00101111011111111000000
00101111011101100101000
00101111011011010010001
00101111011000111111011
00101111010110101100111
00101111010100011010100
00101111010010001000011
00101111001111110110011
00101111001101100100101
00101111001011010011000
00101111001001000001101
00101111000110110000011
00101111000100011111011
00101111000010001110100
00101110111111111101110
00101110111101101101010
00101110111011011100111
00101110111001001100110
00101110110110111100110
00101110110100101101000
00101110110010011101011
00101110110000001110000
00101110101101111110110
00101110101011101111101
00101110101001100000110
00101110100111010010000
00101110100101000011100
00101110100010110101001
00101110100000100111000
00101110011110011001000
00101110011100001011001
00101110011001111101100
00101110010111110000000
00101110010101100010110
00101110010011010101101
00101110010001001000101
00101110001110111011111
00101110001100101111010
00101110001010100010110
00101110001000010110100
00101110000110001010100
00101110000011111110100
00101110000001110010110
00101101111111100111010
00101101111101011011111
00101101111011010000101
00101101111001000101101
00101101110110111010101
00101101110100110000000
00101101110010100101100
00101101110000011011001
00101101101110010000111
00101101101100000110111
00101101101001111101000
00101101100111110011010
00101101100101101001110
00101101100011100000011
00101101100001010111010
00101101011111001110010
00101101011101000101011
00101101011010111100110
00101101011000110100001
00101101010110101011111
00101101010100100011101
00101101010010011011101