1111110000010
1111010001101
1110110100100
1110011000101
1101111101111
1101100100011
1101001011111
1100110100100
1100011110000
1100001000011
1011110011110
1011011111111
1011001100110
1010111010011
1010101000101
1010010111101
1010000111010
1001110111100
1001101000010
1001011001101
1001001011011
1000111101110
1000110000101
1000100011111
1000010111100
1000001011101
1000000000001
0111110101000
0111101010010
0111011111110
0111010101101
0111001011111
0111000010011
0110111001010
0110110000010
0110100111101
0110011111010
0110010111001
0110001111010
0110000111100
0110000000001
0101111000111
0101110001110
0101101011000
0101100100010
0101011101111
0101010111100
0101010001011
0101001011011
0101000101101
0100111111111
0100111010011
0100110101000
0100101111110
0100101010110
0100100101110
0100100000111
0100011100001
0100010111100
0100010011000
0100001110101
0100001010010
0100000110001
0100000010000