100000000000
011111110000
011111100000
011111010001
011111000010
011110110011
011110100101
011110010111
011110001001
011101111100
011101101111
011101100010
011101010101
011101001001
011100111100
011100110001
011100100101
011100011001
011100001110
011100000011
011011111000
011011101110
011011100011
011011011001
011011001111
011011000101
011010111011
011010110001
011010101000
011010011111
011010010110
011010001101
011010000100
011001111011
011001110010
011001101010
011001100010
011001011010
011001010001
011001001010
011001000010
011000111010
011000110010
011000101011
011000100011
011000011100
011000010101
011000001110
011000000111
011000000000
010111111001
010111110010
010111101100
010111100101
010111011111
010111011000
010111010010
010111001100
010111000110
010111000000
010110111010
010110110100
010110101110
010110101000
