100000000000000000
011111111110000000
011111111100000000
011111111010000001
011111111000000010
011111110110000011
011111110100000101
011111110010000111
011111110000001010
011111101110001101
011111101100010000
011111101010010100
011111101000011000
011111100110011100
011111100100100001
011111100010100110
011111100000101011
011111011110110001
011111011100110111
011111011010111101
011111011001000100
011111010111001011
011111010101010010
011111010011011010
011111010001100010
011111001111101011
011111001101110100
011111001011111101
011111001010000110
011111001000010000
011111000110011010
011111000100100100
011111000010101111
011111000000111010
011110111111000110
011110111101010001
011110111011011101
011110111001101010
011110110111110110
011110110110000011
011110110100010001
011110110010011110
011110110000101100
011110101110111011
011110101101001001
011110101011011000
011110101001100111
011110100111110111
011110100110000110
011110100100010110
011110100010100111
011110100000110111
011110011111001000
011110011101011010
011110011011101011
011110011001111101
011110011000001111
011110010110100001
011110010100110100
011110010011000111
011110010001011010
011110001111101110
011110001110000010
011110001100010110
011110001010101010
011110001000111111
011110000111010100
011110000101101001
011110000011111111
011110000010010101
011110000000101011
011101111111000001
011101111101011000
011101111011101111
011101111010000110
011101111000011101
011101110110110101
011101110101001101
011101110011100101
011101110001111110
011101110000010110
011101101110101111
011101101101001001
011101101011100010
011101101001111100
011101101000010110
011101100110110000
011101100101001011
011101100011100110
011101100010000001
011101100000011100
011101011110111000
011101011101010100
011101011011110000
011101011010001100
011101011000101001
011101010111000101
011101010101100010
011101010100000000
011101010010011101
011101010000111011
011101001111011001
011101001101110111
011101001100010110
011101001010110101
011101001001010100
011101000111110011
011101000110010010
011101000100110010
011101000011010010
011101000001110010
011101000000010010
011100111110110011
011100111101010100
011100111011110101
011100111010010110
011100111000111000
011100110111011010
011100110101111011
011100110100011110
011100110011000000
011100110001100011
011100110000000110
011100101110101001
011100101101001100
011100101011110000
011100101010010011
011100101000110111
011100100111011011
011100100110000000
011100100100100100
011100100011001001
011100100001101110
011100100000010100
011100011110111001
011100011101011111
011100011100000101
011100011010101011
011100011001010001
011100010111110111
011100010110011110
011100010101000101
011100010011101100
011100010010010011
011100010000111011
011100001111100011
011100001110001011
011100001100110011
011100001011011011
011100001010000100
011100001000101100
011100000111010101
011100000101111110
011100000100101000
011100000011010001
011100000001111011
011100000000100101
011011111111001111
011011111101111001
011011111100100100
011011111011001110
011011111001111001
011011111000100100
011011110111010000
011011110101111011
011011110100100111
011011110011010010
011011110001111110
011011110000101011
011011101111010111
011011101110000011
011011101100110000
011011101011011101
011011101010001010
011011101000110111
011011100111100101
011011100110010011
011011100101000000
011011100011101110
011011100010011101
011011100001001011
011011011111111001
011011011110101000
011011011101010111
011011011100000110
011011011010110101
011011011001100101
011011011000010100
011011010111000100
011011010101110100
011011010100100100
011011010011010100
011011010010000101
011011010000110101
011011001111100110
011011001110010111
011011001101001000
011011001011111001
011011001010101011
011011001001011101
011011001000001110
011011000111000000
011011000101110010
011011000100100101
011011000011010111
011011000010001010
011011000000111100
011010111111101111
011010111110100010
011010111101010110
011010111100001001
011010111010111101
011010111001110000
011010111000100100
011010110111011000
011010110110001100
011010110101000001
011010110011110101
011010110010101010
011010110001011111
011010110000010100
011010101111001001
011010101101111110
011010101100110011
011010101011101001
011010101010011111
011010101001010101
011010101000001011
011010100111000001
011010100101110111
011010100100101110
011010100011100100
011010100010011011
011010100001010010
011010100000001001
011010011111000000
011010011101111000
011010011100101111
011010011011100111
011010011010011111
011010011001010111
011010011000001111
011010010111000111
011010010101111111
011010010100111000
011010010011110000
011010010010101001
011010010001100010
011010010000011011
011010001111010101
011010001110001110
011010001101000111
011010001100000001
011010001010111011
011010001001110101
011010001000101111
011010000111101001
011010000110100011
011010000101011110
011010000100011000
011010000011010011
011010000010001110
011010000001001001
011010000000000100
011001111110111111
011001111101111011
011001111100110110
011001111011110010
011001111010101110
011001111001101010
011001111000100110
011001110111100010
011001110110011110
011001110101011011
011001110100010111
011001110011010100
011001110010010001
011001110001001110
011001110000001011
011001101111001000
011001101110000101
011001101101000011
011001101100000000
011001101010111110
011001101001111100
011001101000111010
011001100111111000
011001100110110110
011001100101110101
011001100100110011
011001100011110010
011001100010110000
011001100001101111
011001100000101110
011001011111101101
011001011110101101
011001011101101100
011001011100101011
011001011011101011
011001011010101011
011001011001101010
011001011000101010
011001010111101010
011001010110101010
011001010101101011
011001010100101011
011001010011101100
011001010010101100
011001010001101101
011001010000101110
011001001111101111
011001001110110000
011001001101110001
011001001100110010
011001001011110100
011001001010110101
011001001001110111
011001001000111001
011001000111111011
011001000110111101
011001000101111111
011001000101000001
011001000100000011
011001000011000110
011001000010001000
011001000001001011
011001000000001110
011000111111010000
011000111110010011
011000111101010111
011000111100011010
011000111011011101
011000111010100000
011000111001100100
011000111000101000
011000110111101011
011000110110101111
011000110101110011
011000110100110111
011000110011111011
011000110011000000
011000110010000100
011000110001001001
011000110000001101
011000101111010010
011000101110010111
011000101101011100
011000101100100001
011000101011100110
011000101010101011
011000101001110000
011000101000110110
011000100111111011
011000100111000001
011000100110000110
011000100101001100
011000100100010010
011000100011011000
011000100010011110
011000100001100101
011000100000101011
011000011111110001
011000011110111000
011000011101111110
011000011101000101
011000011100001100
011000011011010011
011000011010011010
011000011001100001
011000011000101000
011000010111101111
011000010110110111
011000010101111110
011000010101000110
011000010100001110
011000010011010101
011000010010011101
011000010001100101
011000010000101101
011000001111110101
011000001110111110
011000001110000110
011000001101001110
011000001100010111
011000001011100000
011000001010101000
011000001001110001
011000001000111010
011000001000000011
011000000111001100
011000000110010101
011000000101011111
011000000100101000
011000000011110001
011000000010111011
011000000010000101
011000000001001110
011000000000011000
010111111111100010
010111111110101100
010111111101110110
010111111101000000
010111111100001010
010111111011010101
010111111010011111
010111111001101010
010111111000110100
010111110111111111
010111110111001010
010111110110010101
010111110101100000
010111110100101011
010111110011110110
010111110011000001
010111110010001100
010111110001011000
010111110000100011
010111101111101111
010111101110111010
010111101110000110
010111101101010010
010111101100011110
010111101011101010
010111101010110110
010111101010000010
010111101001001110
010111101000011010
010111100111100111
010111100110110011
010111100110000000
010111100101001101
010111100100011001
010111100011100110
010111100010110011
010111100010000000
010111100001001101
010111100000011010
010111011111100111
010111011110110101
010111011110000010
010111011101001111
010111011100011101
010111011011101010
010111011010111000
010111011010000110
010111011001010100
010111011000100010
010111010111110000
010111010110111110
010111010110001100
010111010101011010
010111010100101000
010111010011110111
010111010011000101
010111010010010100
010111010001100010
010111010000110001
010111010000000000
010111001111001111
010111001110011110
010111001101101101
010111001100111100
010111001100001011
010111001011011010
010111001010101001
010111001001111001
010111001001001000
010111001000011000
010111000111100111
010111000110110111
010111000110000111
010111000101010111
010111000100100111
010111000011110111
010111000011000111
010111000010010111
010111000001100111
010111000000110111
010111000000000111
010110111111011000
010110111110101000
010110111101111001
010110111101001010
010110111100011010
010110111011101011
010110111010111100
010110111010001101
010110111001011110
010110111000101111
010110111000000000
010110110111010001
010110110110100010
010110110101110100
010110110101000101
010110110100010110
010110110011101000
010110110010111010
010110110010001011
010110110001011101
010110110000101111
010110110000000001
010110101111010011
010110101110100101
010110101101110111
010110101101001001
010110101100011011
010110101011101101
010110101011000000
010110101010010010
010110101001100101
010110101000110111
010110101000001010
