1000000000000
0111110000011
0111100001100
0111010011001
0111000101100
0110111000100
0110101100000
0110100000000
0110010100100
0110001001100
0101111111000
0101110100111
0101101011001
0101100001110
0101011000110
0101010000000
0101000111101
0100111111101
0100110111111
0100110000011
0100101001010
0100100010010
0100011011100
0100010101001
0100001110110
0100001000110
0100000010111
0011111101010
0011110111110
0011110010100
0011101101011
0011101000011
0011100011100
0011011110111
0011011010011
0011010110000
0011010001110
0011001101101
0011001001101
0011000101101
0011000001111
0010111110010
0010111010101
0010110111001
0010110011110
0010110000100
0010101101011
0010101010010
0010100111001
0010100100010
0010100001011
0010011110101
0010011011111
0010011001010
0010010110101
0010010100001
0010010001101
0010001111010
0010001100111
0010001010101
0010001000011
0010000110010
0010000100001
0010000010000
