100000000000000
011111111111100
011111111111000
011111111110100
011111111110000
011111111101100
011111111101000
011111111100100
011111111100000
011111111011100
011111111011000
011111111010100
011111111010000
011111111001100
011111111001000
011111111000100
011111111000000
011111110111100
011111110111000
011111110110100
011111110110001
011111110101101
011111110101001
011111110100101
011111110100001
011111110011101
011111110011001
011111110010101
011111110010001
011111110001101
011111110001001
011111110000101
011111110000001
011111101111110
011111101111010
011111101110110
011111101110010
011111101101110
011111101101010
011111101100110
011111101100010
011111101011110
011111101011010
011111101010111
011111101010011
011111101001111
011111101001011
011111101000111
011111101000011
011111100111111
011111100111011
011111100111000
011111100110100
011111100110000
011111100101100
011111100101000
011111100100100
011111100100001
011111100011101
011111100011001
011111100010101
011111100010001
011111100001101
011111100001010
011111100000110
011111100000010
011111011111110
011111011111010
011111011110110
011111011110011
011111011101111
011111011101011
011111011100111
011111011100011
011111011100000
011111011011100
011111011011000
011111011010100
011111011010000
011111011001101
011111011001001
011111011000101
011111011000001
011111010111110
011111010111010
011111010110110
011111010110010
011111010101111
011111010101011
011111010100111
011111010100011
011111010100000
011111010011100
011111010011000
011111010010100
011111010010001
011111010001101
011111010001001
011111010000101
011111010000010
011111001111110
011111001111010
011111001110110
011111001110011
011111001101111
011111001101011
011111001101000
011111001100100
011111001100000
011111001011100
011111001011001
011111001010101
011111001010001
011111001001110
011111001001010
011111001000110
011111001000011
011111000111111
011111000111011
011111000111000
011111000110100
011111000110000
011111000101101
011111000101001
011111000100101
011111000100010
011111000011110
011111000011010
011111000010111
011111000010011
011111000001111
011111000001100
011111000001000
011111000000100
011111000000001
011110111111101
011110111111001
011110111110110
011110111110010
011110111101111
011110111101011
011110111100111
011110111100100
011110111100000
011110111011100
011110111011001
011110111010101
011110111010010
011110111001110
011110111001010
011110111000111
011110111000011
011110111000000
011110110111100
011110110111000
011110110110101
011110110110001
011110110101110
011110110101010
011110110100111
011110110100011
011110110011111
011110110011100
011110110011000
011110110010101
011110110010001
011110110001110
011110110001010
011110110000110
011110110000011
011110101111111
011110101111100
011110101111000
011110101110101
011110101110001
011110101101110
011110101101010
011110101100111
011110101100011
011110101011111
011110101011100
011110101011000
011110101010101
011110101010001
011110101001110
011110101001010
011110101000111
011110101000011
011110101000000
011110100111100
011110100111001
011110100110101
011110100110010
011110100101110
011110100101011
011110100100111
011110100100100
011110100100000
011110100011101
011110100011001
011110100010110
011110100010010
011110100001111
011110100001011
011110100001000
011110100000100
011110100000001
011110011111110
011110011111010
011110011110111
011110011110011
011110011110000
011110011101100
011110011101001
011110011100101
011110011100010
011110011011110
011110011011011
011110011011000
011110011010100
011110011010001
011110011001101
011110011001010
011110011000110
011110011000011
011110011000000
011110010111100
011110010111001
011110010110101
011110010110010
011110010101111
011110010101011
011110010101000
011110010100100
011110010100001
011110010011101
011110010011010
011110010010111
011110010010011
011110010010000
011110010001101
011110010001001
011110010000110
011110010000010
011110001111111
011110001111100
011110001111000
011110001110101
011110001110001
011110001101110
011110001101011
011110001100111
011110001100100
011110001100001
011110001011101
011110001011010
011110001010111
011110001010011
011110001010000
011110001001101
011110001001001
011110001000110
011110001000010
011110000111111
011110000111100
011110000111000
011110000110101
011110000110010
011110000101110
011110000101011
011110000101000
011110000100101
011110000100001
011110000011110
011110000011011
011110000010111
011110000010100
011110000010001
011110000001101
011110000001010
011110000000111
011110000000011
011110000000000
011101111111101
011101111111010
011101111110110
011101111110011
011101111110000
011101111101100
011101111101001
011101111100110
011101111100011
011101111011111
011101111011100
011101111011001
011101111010101
011101111010010
011101111001111
011101111001100
011101111001000
011101111000101
011101111000010
011101110111111
011101110111011
011101110111000
011101110110101
011101110110010
011101110101110
011101110101011
011101110101000
011101110100101
011101110100001
011101110011110
011101110011011
011101110011000
011101110010100
011101110010001
011101110001110
011101110001011
011101110001000
011101110000100
011101110000001
011101101111110
011101101111011
011101101110111
011101101110100
011101101110001
011101101101110
011101101101011
011101101100111
011101101100100
011101101100001
011101101011110
011101101011011
011101101010111
011101101010100
011101101010001
011101101001110
011101101001011
011101101001000
011101101000100
011101101000001
011101100111110
011101100111011
011101100111000
011101100110100
011101100110001
011101100101110
011101100101011
011101100101000
011101100100101
011101100100010
011101100011110
011101100011011
011101100011000
011101100010101
011101100010010
011101100001111
011101100001011
011101100001000
011101100000101
011101100000010
011101011111111
011101011111100
011101011111001
011101011110110
011101011110010
011101011101111
011101011101100
011101011101001
011101011100110
011101011100011
011101011100000
011101011011101
011101011011001
011101011010110
011101011010011
011101011010000
011101011001101
011101011001010
011101011000111
011101011000100
011101011000001
011101010111110
011101010111010
011101010110111
011101010110100
011101010110001
011101010101110
011101010101011
011101010101000
011101010100101
011101010100010
011101010011111
011101010011100
011101010011001
011101010010101
011101010010010
011101010001111
011101010001100
011101010001001
011101010000110
011101010000011
011101010000000
011101001111101
011101001111010
011101001110111
011101001110100
011101001110001
011101001101110
011101001101011
011101001101000
011101001100101
011101001100010
011101001011110
011101001011011
011101001011000
011101001010101
011101001010010
011101001001111
011101001001100
011101001001001
011101001000110
011101001000011
011101001000000
011101000111101
011101000111010
011101000110111
011101000110100
011101000110001
011101000101110
011101000101011
011101000101000
011101000100101
011101000100010
011101000011111
011101000011100
011101000011001
011101000010110
011101000010011
011101000010000
011101000001101
011101000001010
011101000000111
011101000000100
011101000000001
011100111111110
011100111111011
011100111111000
011100111110101
011100111110010
011100111101111
011100111101100
011100111101001
011100111100111
011100111100100
011100111100001
011100111011110
011100111011011
011100111011000
011100111010101
011100111010010
011100111001111
011100111001100
011100111001001
011100111000110
011100111000011
011100111000000
011100110111101
011100110111010
011100110110111
011100110110100
011100110110001
011100110101111
011100110101100
011100110101001
011100110100110
011100110100011
011100110100000
011100110011101
011100110011010
011100110010111
011100110010100
011100110010001
011100110001110
011100110001100
011100110001001
011100110000110
011100110000011
011100110000000
011100101111101
011100101111010
011100101110111
011100101110100
011100101110001
011100101101110
011100101101100
011100101101001
011100101100110
011100101100011
011100101100000
011100101011101
011100101011010
011100101010111
011100101010101
011100101010010
011100101001111
011100101001100
011100101001001
011100101000110
011100101000011
011100101000000
011100100111110
011100100111011
011100100111000
011100100110101
011100100110010
011100100101111
011100100101100
011100100101010
011100100100111
011100100100100
011100100100001
011100100011110
011100100011011
011100100011000
011100100010110
011100100010011
011100100010000
011100100001101
011100100001010
011100100000111
011100100000101
011100100000010
011100011111111
011100011111100
011100011111001
011100011110111
011100011110100
011100011110001
011100011101110
011100011101011
011100011101000
011100011100110
011100011100011
011100011100000
011100011011101
011100011011010
011100011011000
011100011010101
011100011010010
011100011001111
011100011001100
011100011001010
011100011000111
011100011000100
011100011000001
011100010111110
011100010111100
011100010111001
011100010110110
011100010110011
011100010110000
011100010101110
011100010101011
011100010101000
011100010100101
011100010100011
011100010100000
011100010011101
011100010011010
011100010011000
011100010010101
011100010010010
011100010001111
011100010001100
011100010001010
011100010000111
011100010000100
011100010000001
011100001111111
011100001111100
011100001111001
011100001110110
011100001110100
011100001110001
011100001101110
011100001101011
011100001101001
011100001100110
011100001100011
011100001100000
011100001011110
011100001011011
011100001011000
011100001010110
011100001010011
011100001010000
011100001001101
011100001001011
011100001001000
011100001000101
011100001000010
011100001000000
011100000111101
011100000111010
011100000111000
011100000110101
011100000110010
011100000110000
011100000101101
011100000101010
011100000100111
011100000100101
011100000100010
011100000011111
011100000011101
011100000011010
011100000010111
011100000010101
011100000010010
011100000001111
011100000001100
011100000001010
011100000000111
011100000000100
011100000000010
011011111111111
011011111111100
011011111111010
011011111110111
011011111110100
011011111110010
011011111101111
011011111101100
011011111101010
011011111100111
011011111100100
011011111100010
011011111011111
011011111011100
011011111011010
011011111010111
011011111010100
011011111010010
011011111001111
011011111001100
011011111001010
011011111000111
011011111000100
011011111000010
011011110111111
011011110111100
011011110111010
011011110110111
011011110110101
011011110110010
011011110101111
011011110101101
011011110101010
011011110100111
011011110100101
011011110100010
011011110011111
011011110011101
011011110011010
011011110011000
011011110010101
011011110010010
011011110010000
011011110001101
011011110001011
011011110001000
011011110000101
011011110000011
011011110000000
011011101111101
011011101111011
011011101111000
011011101110110
011011101110011
011011101110000
011011101101110
011011101101011
011011101101001
011011101100110
011011101100011
011011101100001
011011101011110
011011101011100
011011101011001
011011101010110
011011101010100
011011101010001
011011101001111
011011101001100
011011101001010
011011101000111
011011101000100
011011101000010
011011100111111
011011100111101
011011100111010
011011100111000
011011100110101
011011100110010
011011100110000
011011100101101
011011100101011
011011100101000
011011100100110
011011100100011
011011100100000
011011100011110
011011100011011
011011100011001
011011100010110
011011100010100
011011100010001
011011100001111
011011100001100
011011100001010
011011100000111
011011100000100
011011100000010
011011011111111
011011011111101
011011011111010
011011011111000
011011011110101
011011011110011
011011011110000
011011011101110
011011011101011
011011011101001
011011011100110
011011011100011
011011011100001
011011011011110
011011011011100
011011011011001
011011011010111
011011011010100
011011011010010
011011011001111
011011011001101
011011011001010
011011011001000
011011011000101
011011011000011
011011011000000
011011010111110
011011010111011
011011010111001
011011010110110
011011010110100
011011010110001
011011010101111
011011010101100
011011010101010
011011010100111
011011010100101
011011010100010
011011010100000
011011010011101
011011010011011
011011010011000
011011010010110
011011010010011
011011010010001
011011010001110
011011010001100
011011010001001
011011010000111
011011010000101
011011010000010
011011010000000
011011001111101
011011001111011
011011001111000
011011001110110
011011001110011
011011001110001
011011001101110
011011001101100
011011001101001
011011001100111
011011001100100
011011001100010
011011001100000
011011001011101
011011001011011
011011001011000
011011001010110
011011001010011
011011001010001
011011001001110
011011001001100
011011001001010
011011001000111
011011001000101
011011001000010
011011001000000
011011000111101
011011000111011
011011000111000
011011000110110
011011000110100
011011000110001
011011000101111
011011000101100
011011000101010
011011000100111
011011000100101
011011000100011
011011000100000
011011000011110
011011000011011
011011000011001
011011000010111
011011000010100
011011000010010
011011000001111
011011000001101
011011000001010
011011000001000
011011000000110
011011000000011
011011000000001
011010111111110
011010111111100
011010111111010
011010111110111
011010111110101
011010111110010
011010111110000
011010111101110
011010111101011
011010111101001
011010111100110
011010111100100
011010111100010
011010111011111
011010111011101
011010111011011
011010111011000
011010111010110
011010111010011
011010111010001
011010111001111
011010111001100
011010111001010
011010111000111
011010111000101
011010111000011
011010111000000
011010110111110
011010110111100
011010110111001
011010110110111
011010110110101
011010110110010
011010110110000
011010110101101
011010110101011
011010110101001
011010110100110
011010110100100
011010110100010
011010110011111
011010110011101
011010110011011
011010110011000
011010110010110
011010110010100
011010110010001
011010110001111
011010110001101
011010110001010
011010110001000
011010110000101
011010110000011
011010110000001
011010101111110
011010101111100
011010101111010
011010101110111
011010101110101
011010101110011
011010101110000
011010101101110
011010101101100
011010101101001
011010101100111
011010101100101
011010101100011
011010101100000
011010101011110
011010101011100
011010101011001
011010101010111
011010101010101
011010101010010
011010101010000
011010101001110
011010101001011
011010101001001
011010101000111
011010101000100
011010101000010
011010101000000
011010100111101
011010100111011
011010100111001
011010100110111
011010100110100
011010100110010
011010100110000
011010100101101
011010100101011
011010100101001
011010100100111
011010100100100
011010100100010
011010100100000
011010100011101
011010100011011
011010100011001
011010100010110
011010100010100
011010100010010
011010100010000
011010100001101
011010100001011
011010100001001
011010100000111
011010100000100
011010100000010
011010100000000
011010011111101
011010011111011
011010011111001
011010011110111
011010011110100
011010011110010
011010011110000
011010011101110
011010011101011
011010011101001
011010011100111
011010011100101
011010011100010
011010011100000
011010011011110
011010011011011
011010011011001
011010011010111
011010011010101
011010011010010
011010011010000
011010011001110
011010011001100
011010011001001
011010011000111
011010011000101
011010011000011
011010011000001
011010010111110
011010010111100
011010010111010
011010010111000
011010010110101
011010010110011
011010010110001
011010010101111
011010010101100
011010010101010
011010010101000
011010010100110
011010010100011
011010010100001
011010010011111
011010010011101
011010010011011
011010010011000
011010010010110
011010010010100
011010010010010
011010010001111
011010010001101
011010010001011
011010010001001
011010010000111
011010010000100
011010010000010
011010010000000
011010001111110
011010001111100
011010001111001
011010001110111
011010001110101
011010001110011
011010001110001
011010001101110
011010001101100
011010001101010
011010001101000
011010001100110
011010001100011
011010001100001
011010001011111
011010001011101
011010001011011
011010001011000
011010001010110
011010001010100
011010001010010
011010001010000
011010001001101
011010001001011
011010001001001
011010001000111
011010001000101
011010001000011
011010001000000
011010000111110
011010000111100
011010000111010
011010000111000
011010000110110
011010000110011
011010000110001
011010000101111
011010000101101
011010000101011
011010000101000
011010000100110
011010000100100
011010000100010
011010000100000
011010000011110
011010000011100
011010000011001
011010000010111
011010000010101
011010000010011
011010000010001
011010000001111
011010000001100
011010000001010
011010000001000
011010000000110
011010000000100
011010000000010
011010000000000
011001111111101
011001111111011
011001111111001
011001111110111
011001111110101
011001111110011
011001111110001
011001111101110
011001111101100
011001111101010
011001111101000
011001111100110
011001111100100
011001111100010
011001111011111
011001111011101
011001111011011
011001111011001
011001111010111
011001111010101
011001111010011
011001111010001
011001111001110
011001111001100
011001111001010
011001111001000
011001111000110
011001111000100
011001111000010
011001111000000
011001110111101
011001110111011
011001110111001
011001110110111
011001110110101
011001110110011
011001110110001
011001110101111
011001110101101
011001110101010
011001110101000
011001110100110
011001110100100
011001110100010
011001110100000
011001110011110
011001110011100
011001110011010
011001110011000
011001110010101
011001110010011
011001110010001
011001110001111
011001110001101
011001110001011
011001110001001
011001110000111
011001110000101
011001110000011
011001110000001
011001101111111
011001101111100
011001101111010
011001101111000
011001101110110
011001101110100
011001101110010
011001101110000
011001101101110
011001101101100
011001101101010
011001101101000
011001101100110
011001101100011
011001101100001
011001101011111
011001101011101
011001101011011
011001101011001
011001101010111
011001101010101
011001101010011
011001101010001
011001101001111
011001101001101
011001101001011
011001101001001
011001101000111
011001101000101
011001101000010
011001101000000
011001100111110
011001100111100
011001100111010
011001100111000
011001100110110
011001100110100
011001100110010
011001100110000
011001100101110
011001100101100
011001100101010
011001100101000
011001100100110
011001100100100
011001100100010
011001100100000
011001100011110
011001100011100
011001100011010
011001100010111
011001100010101
011001100010011
011001100010001
011001100001111
011001100001101
011001100001011
011001100001001
011001100000111
011001100000101
011001100000011
011001100000001
011001011111111
011001011111101
011001011111011
011001011111001
011001011110111
011001011110101
011001011110011
011001011110001
011001011101111
011001011101101
011001011101011
011001011101001
011001011100111
011001011100101
011001011100011
011001011100001
011001011011111
011001011011101
011001011011011
011001011011001
011001011010111
011001011010101
011001011010011
011001011010001
011001011001111
011001011001101
011001011001011
011001011001001
011001011000111
011001011000101
011001011000011
011001011000001
011001010111111
011001010111101
011001010111011
011001010111001
011001010110111
011001010110101
011001010110011
011001010110001
011001010101111
011001010101101
011001010101011
011001010101001
011001010100111
011001010100101
011001010100011
011001010100001
011001010011111
011001010011101
011001010011011
011001010011001
011001010010111
011001010010101
011001010010011
011001010010001
011001010001111
011001010001101
011001010001011
011001010001001
011001010000111
011001010000101
011001010000011
011001010000001
011001001111111
011001001111101
011001001111100
011001001111010
011001001111000
011001001110110
011001001110100
011001001110010
011001001110000
011001001101110
011001001101100
011001001101010
011001001101000
011001001100110
011001001100100
011001001100010
011001001100000
011001001011110
011001001011100
011001001011010
011001001011000
011001001010110
011001001010100
011001001010010
011001001010001
011001001001111
011001001001101
011001001001011
011001001001001
011001001000111
011001001000101
011001001000011
011001001000001
011001000111111
011001000111101
011001000111011
011001000111001
011001000110111
011001000110101
011001000110011
011001000110010
011001000110000
011001000101110
011001000101100
011001000101010
011001000101000
011001000100110
011001000100100
011001000100010
011001000100000
011001000011110
011001000011100
011001000011010
011001000011001
011001000010111
011001000010101
011001000010011
011001000010001
011001000001111
011001000001101
011001000001011
011001000001001
011001000000111
011001000000101
011001000000011
011001000000010
011001000000000
011000111111110
011000111111100
011000111111010
011000111111000
011000111110110
011000111110100
011000111110010
011000111110000
011000111101110
011000111101101
011000111101011
011000111101001
011000111100111
011000111100101
011000111100011
011000111100001
011000111011111
011000111011101
011000111011100
011000111011010
011000111011000
011000111010110
011000111010100
011000111010010
011000111010000
011000111001110
011000111001100
011000111001011
011000111001001
011000111000111
011000111000101
011000111000011
011000111000001
011000110111111
011000110111101
011000110111011
011000110111010
011000110111000
011000110110110
011000110110100
011000110110010
011000110110000
011000110101110
011000110101100
011000110101011
011000110101001
011000110100111
011000110100101
011000110100011
011000110100001
011000110011111
011000110011110
011000110011100
011000110011010
011000110011000
011000110010110
011000110010100
011000110010010
011000110010001
011000110001111
011000110001101
011000110001011
011000110001001
011000110000111
011000110000101
011000110000100
011000110000010
011000110000000
011000101111110
011000101111100
011000101111010
011000101111000
011000101110111
011000101110101
011000101110011
011000101110001
011000101101111
011000101101101
011000101101011
011000101101010
011000101101000
011000101100110
011000101100100
011000101100010
011000101100000
011000101011111
011000101011101
011000101011011
011000101011001
011000101010111
011000101010101
011000101010100
011000101010010
011000101010000
011000101001110
011000101001100
011000101001010
011000101001001
011000101000111
011000101000101
011000101000011
011000101000001
011000101000000
011000100111110
011000100111100
011000100111010
011000100111000
011000100110110
011000100110101
011000100110011
011000100110001
011000100101111
011000100101101
011000100101011
011000100101010
011000100101000
011000100100110
011000100100100
011000100100010
011000100100001
011000100011111
011000100011101
011000100011011
011000100011001
011000100011000
011000100010110
011000100010100
011000100010010
011000100010000
011000100001111
011000100001101
011000100001011
011000100001001
011000100000111
011000100000110
011000100000100
011000100000010
011000100000000
011000011111110
011000011111101
011000011111011
011000011111001
011000011110111
011000011110101
011000011110100
011000011110010
011000011110000
011000011101110
011000011101100
011000011101011
011000011101001
011000011100111
011000011100101
011000011100100
011000011100010
011000011100000
011000011011110
011000011011100
011000011011011
011000011011001
011000011010111
011000011010101
011000011010100
011000011010010
011000011010000
011000011001110
011000011001100
011000011001011
011000011001001
011000011000111
011000011000101
011000011000100
011000011000010
011000011000000
011000010111110
011000010111100
011000010111011
011000010111001
011000010110111
011000010110101
011000010110100
011000010110010
011000010110000
011000010101110
011000010101101
011000010101011
011000010101001
011000010100111
011000010100110
011000010100100
011000010100010
011000010100000
011000010011111
011000010011101
011000010011011
011000010011001
011000010011000
011000010010110
011000010010100
011000010010010
011000010010001
011000010001111
011000010001101
011000010001011
011000010001010
011000010001000
011000010000110
011000010000100
011000010000011
011000010000001
011000001111111
011000001111101
011000001111100
011000001111010
011000001111000
011000001110110
011000001110101
011000001110011
011000001110001
011000001101111
011000001101110
011000001101100
011000001101010
011000001101000
011000001100111
011000001100101
011000001100011
011000001100010
011000001100000
011000001011110
011000001011100
011000001011011
011000001011001
011000001010111
011000001010101
011000001010100
011000001010010
011000001010000
011000001001111
011000001001101
011000001001011
011000001001001
011000001001000
011000001000110
011000001000100
011000001000011
011000001000001
011000000111111
011000000111101
011000000111100
011000000111010
011000000111000
011000000110111
011000000110101
011000000110011
011000000110001
011000000110000
011000000101110
011000000101100
011000000101011
011000000101001
011000000100111
011000000100110
011000000100100
011000000100010
011000000100000
011000000011111
011000000011101
011000000011011
011000000011010
011000000011000
011000000010110
011000000010100
011000000010011
011000000010001
011000000001111
011000000001110
011000000001100
011000000001010
011000000001001
011000000000111
011000000000101
011000000000100
011000000000010
011000000000000
010111111111110
010111111111101
010111111111011
010111111111001
010111111111000
010111111110110
010111111110100
010111111110011
010111111110001
010111111101111
010111111101110
010111111101100
010111111101010
010111111101001
010111111100111
010111111100101
010111111100100
010111111100010
010111111100000
010111111011111
010111111011101
010111111011011
010111111011010
010111111011000
010111111010110
010111111010101
010111111010011
010111111010001
010111111010000
010111111001110
010111111001100
010111111001011
010111111001001
010111111000111
010111111000110
010111111000100
010111111000010
010111111000001
010111110111111
010111110111101
010111110111100
010111110111010
010111110111000
010111110110111
010111110110101
010111110110011
010111110110010
010111110110000
010111110101110
010111110101101
010111110101011
010111110101001
010111110101000
010111110100110
010111110100100
010111110100011
010111110100001
010111110011111
010111110011110
010111110011100
010111110011010
010111110011001
010111110010111
010111110010110
010111110010100
010111110010010
010111110010001
010111110001111
010111110001101
010111110001100
010111110001010
010111110001000
010111110000111
010111110000101
010111110000011
010111110000010
010111110000000
010111101111111
010111101111101
010111101111011
010111101111010
010111101111000
010111101110110
010111101110101
010111101110011
010111101110010
010111101110000
010111101101110
010111101101101
010111101101011
010111101101001
010111101101000
010111101100110
010111101100100
010111101100011
010111101100001
010111101100000
010111101011110
010111101011100
010111101011011
010111101011001
010111101011000
010111101010110
010111101010100
010111101010011
010111101010001
010111101001111
010111101001110
010111101001100
010111101001011
010111101001001
010111101000111
010111101000110
010111101000100
010111101000011
010111101000001
010111100111111
010111100111110
010111100111100
010111100111010
010111100111001
010111100110111
010111100110110
010111100110100
010111100110010
010111100110001
010111100101111
010111100101110
010111100101100
010111100101010
010111100101001
010111100100111
010111100100110
010111100100100
010111100100010
010111100100001
010111100011111
010111100011110
010111100011100
010111100011010
010111100011001
010111100010111
010111100010110
010111100010100
010111100010010
010111100010001
010111100001111
010111100001110
010111100001100
010111100001010
010111100001001
010111100000111
010111100000110
010111100000100
010111100000011
010111100000001
010111011111111
010111011111110
010111011111100
010111011111011
010111011111001
010111011110111
010111011110110
010111011110100
010111011110011
010111011110001
010111011110000
010111011101110
010111011101100
010111011101011
010111011101001
010111011101000
010111011100110
010111011100101
010111011100011
010111011100001
010111011100000
010111011011110
010111011011101
010111011011011
010111011011010
010111011011000
010111011010110
010111011010101
010111011010011
010111011010010
010111011010000
010111011001111
010111011001101
010111011001011
010111011001010
010111011001000
010111011000111
010111011000101
010111011000100
010111011000010
010111011000000
010111010111111
010111010111101
010111010111100
010111010111010
010111010111001
010111010110111
010111010110110
010111010110100
010111010110010
010111010110001
010111010101111
010111010101110
010111010101100
010111010101011
010111010101001
010111010101000
010111010100110
010111010100101
010111010100011
010111010100001
010111010100000
010111010011110
010111010011101
010111010011011
010111010011010
010111010011000
010111010010111
010111010010101
010111010010100
010111010010010
010111010010000
010111010001111
010111010001101
010111010001100
010111010001010
010111010001001
010111010000111
010111010000110
010111010000100
010111010000011
010111010000001
010111010000000
010111001111110
010111001111100
010111001111011
010111001111001
010111001111000
010111001110110
010111001110101
010111001110011
010111001110010
010111001110000
010111001101111
010111001101101
010111001101100
010111001101010
010111001101001
010111001100111
010111001100110
010111001100100
010111001100010
010111001100001
010111001011111
010111001011110
010111001011100
010111001011011
010111001011001
010111001011000
010111001010110
010111001010101
010111001010011
010111001010010
010111001010000
010111001001111
010111001001101
010111001001100
010111001001010
010111001001001
010111001000111
010111001000110
010111001000100
010111001000011
010111001000001
010111001000000
010111000111110
010111000111101
010111000111011
010111000111010
010111000111000
010111000110111
010111000110101
010111000110100
010111000110010
010111000110000
010111000101111
010111000101101
010111000101100
010111000101010
010111000101001
010111000100111
010111000100110
010111000100100
010111000100011
010111000100001
010111000100000
010111000011110
010111000011101
010111000011011
010111000011010
010111000011000
010111000010111
010111000010110
010111000010100
010111000010011
010111000010001
010111000010000
010111000001110
010111000001101
010111000001011
010111000001010
010111000001000
010111000000111
010111000000101
010111000000100
010111000000010
010111000000001
010110111111111
010110111111110
010110111111100
010110111111011
010110111111001
010110111111000
010110111110110
010110111110101
010110111110011
010110111110010
010110111110000
010110111101111
010110111101101
010110111101100
010110111101010
010110111101001
010110111100111
010110111100110
010110111100101
010110111100011
010110111100010
010110111100000
010110111011111
010110111011101
010110111011100
010110111011010
010110111011001
010110111010111
010110111010110
010110111010100
010110111010011
010110111010001
010110111010000
010110111001110
010110111001101
010110111001100
010110111001010
010110111001001
010110111000111
010110111000110
010110111000100
010110111000011
010110111000001
010110111000000
010110110111110
010110110111101
010110110111011
010110110111010
010110110111000
010110110110111
010110110110110
010110110110100
010110110110011
010110110110001
010110110110000
010110110101110
010110110101101
010110110101011
010110110101010
010110110101000
010110110100111
010110110100110
010110110100100
010110110100011
010110110100001
010110110100000
010110110011110
010110110011101
010110110011011
010110110011010
010110110011001
010110110010111
010110110010110
010110110010100
010110110010011
010110110010001
010110110010000
010110110001110
010110110001101
010110110001100
010110110001010
010110110001001
010110110000111
010110110000110
010110110000100
010110110000011
010110110000001
010110110000000
010110101111111
010110101111101
010110101111100
010110101111010
010110101111001
010110101110111
010110101110110
010110101110101
010110101110011
010110101110010
010110101110000
010110101101111
010110101101101
010110101101100
010110101101010
010110101101001
010110101101000
010110101100110
010110101100101
010110101100011
010110101100010
010110101100000
010110101011111
010110101011110
010110101011100
010110101011011
010110101011001
010110101011000
010110101010111
010110101010101
010110101010100
010110101010010
010110101010001
010110101001111
010110101001110
010110101001101
010110101001011
010110101001010
010110101001000
010110101000111
010110101000101
010110101000100
010110101000011
010110101000001
