10000000000
01111111000
01111110000
01111101000
01111100001
01111011010
01111010010
01111001011
01111000101
01110111110
01110110111
01110110001
01110101011
01110100100
01110011110
01110011000
01110010010
01110001101
01110000111
01110000010
01101111100
01101110111
01101110010
01101101100
01101100111
01101100010
01101011110
01101011001
01101010100
01101001111
01101001011
01101000110
01101000010
01100111110
01100111001
01100110101
01100110001
01100101101
01100101001
01100100101
01100100001
01100011101
01100011001
01100010101
01100010010
01100001110
01100001010
01100000111
01100000011
01100000000
01011111101
01011111001
01011110110
01011110011
01011101111
01011101100
01011101001
01011100110
01011100011
01011100000
01011011101
01011011010
01011010111
01011010100
