1000000000000000000
0111111110000000011
0111111100000001100
0111111010000011011
0111111000000110000
0111110110001001010
0111110100001101010
0111110010010010000
0111110000010111100
0111101110011101101
0111101100100100100
0111101010101100001
0111101000110100011
0111100110111101010
0111100101000110111
0111100011010001010
0111100001011100001
0111011111100111110
0111011101110100000
0111011100000001000
0111011010001110100
0111011000011100110
0111010110101011101
0111010100111011001
0111010011001011010
0111010001011100000
0111001111101101011
0111001101111111011
0111001100010010000
0111001010100101001
0111001000111000111
0111000111001101011
0111000101100010011
0111000011110111111
0111000010001110001
0111000000100100110
0110111110111100001
0110111101010100000
0110111011101100100
0110111010000101100
0110111000011111001
0110110110111001010
0110110101010011111
0110110011101111001
0110110010001010111
0110110000100111010
0110101111000100001
0110101101100001100
0110101011111111011
0110101010011101110
0110101000111100110
0110100111011100010
0110100101111100010
0110100100011100110
0110100010111101110
0110100001011111010
0110100000000001010
0110011110100011110
0110011101000110110
0110011011101010001
0110011010001110001
0110011000110010101
0110010111010111100
0110010101111100111
0110010100100010110
0110010011001001001
0110010001101111111
0110010000010111001
0110001110111110111
0110001101100111000
0110001100001111101
0110001010111000110
0110001001100010010
0110001000001100010
0110000110110110101
0110000101100001100
0110000100001100110
0110000010111000100
0110000001100100101
0110000000010001010
0101111110111110001
0101111101101011101
0101111100011001011
0101111011000111101
0101111001110110010
0101111000100101011
0101110111010100110
0101110110000100101
0101110100110100111
0101110011100101101
0101110010010110101
0101110001001000001
0101101111111001111
0101101110101100001
0101101101011110110
0101101100010001110
0101101011000101001
0101101001111000111
0101101000101101000
0101100111100001100
0101100110010110011
0101100101001011101
0101100100000001010
0101100010110111001
0101100001101101100
0101100000100100001
0101011111011011010
0101011110010010101
0101011101001010011
0101011100000010011
0101011010111010111
0101011001110011101
0101011000101100110
0101010111100110010
0101010110100000000
0101010101011010001
0101010100010100101
0101010011001111011
0101010010001010101
0101010001000110000
0101010000000001110
0101001110111101111
0101001101111010011
0101001100110111001
0101001011110100001
0101001010110001100
0101001001101111010
0101001000101101010
0101000111101011100
0101000110101010001
0101000101101001000
0101000100101000010
0101000011100111111
0101000010100111101
0101000001100111110
0101000000101000001
0100111111101000111
0100111110101001111
0100111101101011010
0100111100101100110
0100111011101110101
0100111010110000111
0100111001110011010
0100111000110110000
0100110111111001000
0100110110111100010
0100110101111111111
0100110101000011101
0100110100000111110
0100110011001100001
0100110010010000110
0100110001010101110
0100110000011010111
0100101111100000011
0100101110100110001
0100101101101100000
0100101100110010010
0100101011111000110
0100101010111111100
0100101010000110100
0100101001001101110
0100101000010101010
0100100111011101001
0100100110100101001
0100100101101101011
0100100100110101111
0100100011111110101
0100100011000111101
0100100010010000111
0100100001011010011
0100100000100100000
0100011111101110000
0100011110111000010
0100011110000010101
0100011101001101010
0100011100011000010
0100011011100011011
0100011010101110110
0100011001111010010
0100011001000110001
0100011000010010001
0100010111011110011
0100010110101010111
0100010101110111101
0100010101000100100
0100010100010001110
0100010011011111001
0100010010101100101
0100010001111010100
0100010001001000100
0100010000010110110
0100001111100101001
0100001110110011111
0100001110000010110
0100001101010001110
0100001100100001000
0100001011110000100
0100001011000000010
0100001010010000001
0100001001100000010
0100001000110000100
0100001000000001000
0100000111010001110
0100000110100010101
0100000101110011110
0100000101000101000
0100000100010110100
0100000011101000010
0100000010111010001
0100000010001100001
0100000001011110011
0100000000110000111
0100000000000011100
0011111111010110011
0011111110101001011
0011111101111100100
0011111101001111111
0011111100100011100
0011111011110111010
0011111011001011001
0011111010011111010
0011111001110011100
0011111001001000000
0011111000011100101
0011110111110001100
0011110111000110100
0011110110011011101
0011110101110001000
0011110101000110100
0011110100011100010
0011110011110010001
0011110011001000001
0011110010011110010
0011110001110100101
0011110001001011010
0011110000100001111
0011101111111000110
0011101111001111110
0011101110100111000
0011101101111110011
0011101101010101111
0011101100101101100
0011101100000101011
0011101011011101011
0011101010110101100
0011101010001101111
0011101001100110011
0011101000111111000
0011101000010111110
0011100111110000110
0011100111001001110
0011100110100011000
0011100101111100100
0011100101010110000
0011100100101111110
0011100100001001100
0011100011100011100
0011100010111101110
0011100010011000000
0011100001110010100
0011100001001101000
0011100000100111110
0011100000000010101
0011011111011101101
0011011110111000111
0011011110010100001
0011011101101111101
0011011101001011001
0011011100100110111
0011011100000010110
0011011011011110110
0011011010111010111
0011011010010111010
0011011001110011101
0011011001010000001
0011011000101100111
0011011000001001101
0011010111100110101
0011010111000011110
0011010110100000111
0011010101111110010
0011010101011011110
0011010100111001011
0011010100010111001
0011010011110101000
0011010011010011000
0011010010110001001
0011010010001111011
0011010001101101110
0011010001001100010
0011010000101010111
0011010000001001101
0011001111101000100
0011001111000111100
0011001110100110110
0011001110000110000
0011001101100101010
0011001101000100110
0011001100100100011
0011001100000100001
0011001011100100000
0011001011000100000
0011001010100100000
0011001010000100010
0011001001100100101
0011001001000101000
0011001000100101101
0011001000000110010
0011000111100111000
0011000111000111111
0011000110101001000
0011000110001010001
0011000101101011010
0011000101001100101
0011000100101110001
0011000100001111110
0011000011110001011
0011000011010011001
0011000010110101000
0011000010010111001
0011000001111001001
0011000001011011011
0011000000111101110
0011000000100000001
0011000000000010110
0010111111100101011
0010111111001000001
0010111110101011000
0010111110001110000
0010111101110001000
0010111101010100001
0010111100110111100
0010111100011010111
0010111011111110010
0010111011100001111
0010111011000101100
0010111010101001011
0010111010001101010
0010111001110001001
0010111001010101010
0010111000111001011
0010111000011101110
0010111000000010001
0010110111100110100
0010110111001011001
0010110110101111110
0010110110010100100
0010110101111001011
0010110101011110010
0010110101000011011
0010110100101000100
0010110100001101110
0010110011110011000
0010110011011000011
0010110010111101111
0010110010100011100
0010110010001001010
0010110001101111000
0010110001010100111
0010110000111010110
0010110000100000111
0010110000000111000
0010101111101101010
0010101111010011100
0010101110111001111
0010101110100000011
0010101110000111000
0010101101101101101
0010101101010100011
0010101100111011010
0010101100100010001
0010101100001001001
0010101011110000010
0010101011010111011
0010101010111110101
0010101010100110000
0010101010001101011
0010101001110100111
0010101001011100100
0010101001000100001
0010101000101011111
0010101000010011110
0010100111111011101
0010100111100011101
0010100111001011110
0010100110110011111
0010100110011100001
0010100110000100100
0010100101101100111
0010100101010101011
0010100100111101111
0010100100100110100
0010100100001111010
0010100011111000000
0010100011100000111
0010100011001001110
0010100010110010110
0010100010011011111
0010100010000101001
0010100001101110010
0010100001010111101
0010100001000001000
0010100000101010100
0010100000010100000
0010011111111101101
0010011111100111010
0010011111010001000
0010011110111010111
0010011110100100110
0010011110001110110
0010011101111000110
0010011101100010111
0010011101001101001
0010011100110111011
0010011100100001110
0010011100001100001
0010011011110110101
0010011011100001001
0010011011001011110
0010011010110110011
0010011010100001001
0010011010001100000
0010011001110110111
0010011001100001110
0010011001001100110
0010011000110111111
0010011000100011000
0010011000001110010
0010010111111001100
0010010111100100111
0010010111010000010
0010010110111011110
0010010110100111010
0010010110010010111
0010010101111110101
0010010101101010011
0010010101010110001
0010010101000010000
0010010100101101111
0010010100011001111
0010010100000110000
0010010011110010001
0010010011011110010
0010010011001010100
0010010010110110111
0010010010100011010
0010010010001111101
0010010001111100001
0010010001101000101
0010010001010101010
0010010001000010000
0010010000101110110
0010010000011011100
0010010000001000011
0010001111110101010
0010001111100010010
0010001111001111010
0010001110111100011
0010001110101001100
0010001110010110110
0010001110000100000
0010001101110001010
0010001101011110101
0010001101001100001
0010001100111001101
0010001100100111001
0010001100010100110
0010001100000010011
0010001011110000001
0010001011011101111
0010001011001011110
0010001010111001101
0010001010100111100
0010001010010101100
0010001010000011101
0010001001110001110
0010001001011111111
0010001001001110001
0010001000111100011
0010001000101010101
0010001000011001000
0010001000000111100
0010000111110110000
0010000111100100100
0010000111010011001
0010000111000001110
0010000110110000011
0010000110011111001
0010000110001101111
0010000101111100110
0010000101101011101
0010000101011010101
0010000101001001101
0010000100111000101
0010000100100111110
0010000100010110111
0010000100000110001
0010000011110101011
0010000011100100101
0010000011010100000
0010000011000011011
0010000010110010111
0010000010100010011
0010000010010001111
0010000010000001100
0010000001110001001
0010000001100000111
0010000001010000101
0010000001000000011
0010000000110000010
0010000000100000001
0010000000010000000
