10000000000000000000000
01111111111101000000000
01111111111010000000010
01111111110111000000100
01111111110100000000111
01111111110001000001100
01111111101110000010001
01111111101011000010111
01111111101000000011110
01111111100101000100110
01111111100010000101111
01111111011111000111001
01111111011100001000011
01111111011001001001111
01111111010110001011100
01111111010011001101001
01111111010000001110111
01111111001101010000111
01111111001010010010111
01111111000111010101000
01111111000100010111010
01111111000001011001101
01111110111110011100001
01111110111011011110110
01111110111000100001100
01111110110101100100011
01111110110010100111011
01111110101111101010011
01111110101100101101101
01111110101001110000111
01111110100110110100010
01111110100011110111111
01111110100000111011100
01111110011101111111010
01111110011011000011001
01111110011000000111001
01111110010101001011001
01111110010010001111011
01111110001111010011110
01111110001100011000001
01111110001001011100110
01111110000110100001011
01111110000011100110001
01111110000000101011000
01111101111101110000000
01111101111010110101001
01111101110111111010011
01111101110100111111110
01111101110010000101001
01111101101111001010110
01111101101100010000011
01111101101001010110010
01111101100110011100001
01111101100011100010001
01111101100000101000010
01111101011101101110100
01111101011010110100111
01111101010111111011011
01111101010101000001111
01111101010010001000101
01111101001111001111011
01111101001100010110010
01111101001001011101011
01111101000110100100100
01111101000011101011110
01111101000000110011000
01111100111101111010100
01111100111011000010001
01111100111000001001110
01111100110101010001101
01111100110010011001100
01111100101111100001100
01111100101100101001101
01111100101001110001111
01111100100110111010010
01111100100100000010110
01111100100001001011010
01111100011110010100000
01111100011011011100110
01111100011000100101101
01111100010101101110101
01111100010010110111110
01111100010000000001000
01111100001101001010011
01111100001010010011110
01111100000111011101011
01111100000100100111000
01111100000001110000110
01111011111110111010101
01111011111100000100101
01111011111001001110110
01111011110110011001000
01111011110011100011010
01111011110000101101110
01111011101101111000010
01111011101011000010111
01111011101000001101101
01111011100101011000100
01111011100010100011100
01111011011111101110100
01111011011100111001110
01111011011010000101000
01111011010111010000011
01111011010100011011111
01111011010001100111100
01111011001110110011010
01111011001011111111000
01111011001001001011000
01111011000110010111000
01111011000011100011001
01111011000000101111011
01111010111101111011110
01111010111011001000010
01111010111000010100111
01111010110101100001100
01111010110010101110010
01111010101111111011010
01111010101101001000010
01111010101010010101010
01111010100111100010100
01111010100100101111111
01111010100001111101010
01111010011111001010110
01111010011100011000011
01111010011001100110001
01111010010110110100000
01111010010100000010000
01111010010001010000000
01111010001110011110010
01111010001011101100100
01111010001000111010111
01111010000110001001010
01111010000011010111111
01111010000000100110101
01111001111101110101011
01111001111011000100010
01111001111000010011010
01111001110101100010011
01111001110010110001101
01111001110000000000111
01111001101101010000011
01111001101010011111111
01111001100111101111100
01111001100100111111010
01111001100010001111001
01111001011111011111000
01111001011100101111000
01111001011001111111010
01111001010111001111100
01111001010100011111110
01111001010001110000010
01111001001111000000111
01111001001100010001100
01111001001001100010010
01111001000110110011001
01111001000100000100001
01111001000001010101001
01111000111110100110011
01111000111011110111101
01111000111001001001000
01111000110110011010100
01111000110011101100001
01111000110000111101110
01111000101110001111101
01111000101011100001100
01111000101000110011100
01111000100110000101101
01111000100011010111110
01111000100000101010001
01111000011101111100100
01111000011011001111000
01111000011000100001101
01111000010101110100011
01111000010011000111001
01111000010000011010001
01111000001101101101001
01111000001011000000010
01111000001000010011011
01111000000101100110110
01111000000010111010001
01111000000000001101110
01110111111101100001011
01110111111010110101000
01110111111000001000111
01110111110101011100110
01110111110010110000111
01110111110000000101000
01110111101101011001001
01110111101010101101100
01110111101000000001111
01110111100101010110100
01110111100010101011001
01110111011111111111110
01110111011101010100101
01110111011010101001100
01110111010111111110101
01110111010101010011110
01110111010010101000111
01110111001111111110010
01110111001101010011101
01110111001010101001010
01110111000111111110111
01110111000101010100100
01110111000010101010011
01110111000000000000010
01110110111101010110010
01110110111010101100011
01110110111000000010101
01110110110101011001000
01110110110010101111011
01110110110000000101111
01110110101101011100100
01110110101010110011001
01110110101000001010000
01110110100101100000111
01110110100010110111111
01110110100000001111000
01110110011101100110010
01110110011010111101100
01110110011000010100111
01110110010101101100011
01110110010011000100000
01110110010000011011101
01110110001101110011011
01110110001011001011010
01110110001000100011010
01110110000101111011011
01110110000011010011100
01110110000000101011110
01110101111110000100001
01110101111011011100101
01110101111000110101010
01110101110110001101111
01110101110011100110101
01110101110000111111100
01110101101110011000011
01110101101011110001100
01110101101001001010101
01110101100110100011111
01110101100011111101001
01110101100001010110101
01110101011110110000001
01110101011100001001110
01110101011001100011011
01110101010110111101010
01110101010100010111001
01110101010001110001001
01110101001111001011010
01110101001100100101100
01110101001001111111110
01110101000111011010001
01110101000100110100101
01110101000010001111001
01110100111111101001111
01110100111101000100101
01110100111010011111100
01110100110111111010011
01110100110101010101100
01110100110010110000101
01110100110000001011111
01110100101101100111001
01110100101011000010101
01110100101000011110001
01110100100101111001110
01110100100011010101100
01110100100000110001010
01110100011110001101001
01110100011011101001001
01110100011001000101010
01110100010110100001011
01110100010011111101110
01110100010001011010001
01110100001110110110100
01110100001100010011001
01110100001001101111110
01110100000111001100100
01110100000100101001011
01110100000010000110010
01110011111111100011010
01110011111101000000011
01110011111010011101101
01110011110111111010111
01110011110101011000010
01110011110010110101110
01110011110000010011011
01110011101101110001000
01110011101011001110110
01110011101000101100101
01110011100110001010101
01110011100011101000101
01110011100001000110110
01110011011110100101000
01110011011100000011011
01110011011001100001110
01110011010111000000010
01110011010100011110111
01110011010001111101100
01110011001111011100010
01110011001100111011001
01110011001010011010001
01110011000111111001001
01110011000101011000011
01110011000010110111101
01110011000000010110111
01110010111101110110011
01110010111011010101111
01110010111000110101011
01110010110110010101001
01110010110011110100111
01110010110001010100110
01110010101110110100110
01110010101100010100110
01110010101001110101000
01110010100111010101001
01110010100100110101100
01110010100010010101111
01110010011111110110100
01110010011101010111000
01110010011010110111110
01110010011000011000100
01110010010101111001011
01110010010011011010011
01110010010000111011011
01110010001110011100100
01110010001011111101110
01110010001001011111001
01110010000111000000100
01110010000100100010000
01110010000010000011101
01110001111111100101010
01110001111101000111000
01110001111010101000111
01110001111000001010111
01110001110101101100111
01110001110011001111000
01110001110000110001010
01110001101110010011100
01110001101011110101111
01110001101001011000011
01110001100110111011000
01110001100100011101101
01110001100010000000011
01110001011111100011001
01110001011101000110001
01110001011010101001001
01110001011000001100010
01110001010101101111011
01110001010011010010110
01110001010000110110000
01110001001110011001100
01110001001011111101000
01110001001001100000101
01110001000111000100011
01110001000100101000010
01110001000010001100001
01110000111111110000001
01110000111101010100001
01110000111010111000010
01110000111000011100100
01110000110110000000111
01110000110011100101010
01110000110001001001110
01110000101110101110011
01110000101100010011001
01110000101001110111111
01110000100111011100101
01110000100101000001101
01110000100010100110101
01110000100000001011110
01110000011101110001000
01110000011011010110010
01110000011000111011101
01110000010110100001001
01110000010100000110101
01110000010001101100010
01110000001111010010000
01110000001100110111110
01110000001010011101101
01110000001000000011101
01110000000101101001110
01110000000011001111111
01110000000000110110001
01101111111110011100011
01101111111100000010111
01101111111001101001011
01101111110111001111111
01101111110100110110101
01101111110010011101011
01101111110000000100001
01101111101101101011001
01101111101011010010001
01101111101000111001001
01101111100110100000011
01101111100100000111101
01101111100001101111000
01101111011111010110011
01101111011100111101111
01101111011010100101100
01101111011000001101010
01101111010101110101000
01101111010011011100111
01101111010001000100110
01101111001110101100110
01101111001100010100111
01101111001001111101001
01101111000111100101011
01101111000101001101110
01101111000010110110001
01101111000000011110110
01101110111110000111011
01101110111011110000000
01101110111001011000110
01101110110111000001101
01101110110100101010101
01101110110010010011101
01101110101111111100110
01101110101101100110000
01101110101011001111010
01101110101000111000101
01101110100110100010001
01101110100100001011101
01101110100001110101010
01101110011111011110111
01101110011101001000110
01101110011010110010101
01101110011000011100100
01101110010110000110101
01101110010011110000110
01101110010001011010111
01101110001111000101001
01101110001100101111100
01101110001010011010000
01101110001000000100100
01101110000101101111001
01101110000011011001111
01101110000001000100101
01101101111110101111100
01101101111100011010011
01101101111010000101011
01101101110111110000100
01101101110101011011110
01101101110011000111000
01101101110000110010011
01101101101110011101110
01101101101100001001010
01101101101001110100111
01101101100111100000100
01101101100101001100011
01101101100010111000001
01101101100000100100001
01101101011110010000001
01101101011011111100001
01101101011001101000011
01101101010111010100101
01101101010101000000111
01101101010010101101011
01101101010000011001111
01101101001110000110011
01101101001011110011000
01101101001001011111110
01101101000111001100101
01101101000100111001100
01101101000010100110100
01101101000000010011100
01101100111110000000101
01101100111011101101111
01101100111001011011010
01101100110111001000101
01101100110100110110000
01101100110010100011101
01101100110000010001010
01101100101101111110111
01101100101011101100101
01101100101001011010100
01101100100111001000100
01101100100100110110100
01101100100010100100101
01101100100000010010110
01101100011110000001000
01101100011011101111011
01101100011001011101110
01101100010111001100010
01101100010100111010111
01101100010010101001100
01101100010000011000010
01101100001110000111001
01101100001011110110000
01101100001001100101000
01101100000111010100000
01101100000101000011001
01101100000010110010011
01101100000000100001101
01101011111110010001000
01101011111100000000100
01101011111001110000000
01101011110111011111101
01101011110101001111010
01101011110010111111000
01101011110000101110111
01101011101110011110110
01101011101100001110110
01101011101001111110111
01101011100111101111000
01101011100101011111010
01101011100011001111101
01101011100001000000000
01101011011110110000011
01101011011100100001000
01101011011010010001101
01101011011000000010010
01101011010101110011001
01101011010011100011111
01101011010001010100111
01101011001111000101111
01101011001100110111000
01101011001010101000001
01101011001000011001011
01101011000110001010110
01101011000011111100001
01101011000001101101101
01101010111111011111001
01101010111101010000110
01101010111011000010100
01101010111000110100010
01101010110110100110001
01101010110100011000000
01101010110010001010000
01101010101111111100001
01101010101101101110010
01101010101011100000100
01101010101001010010111
01101010100111000101010
01101010100100110111110
01101010100010101010010
01101010100000011100111
01101010011110001111101
01101010011100000010011
01101010011001110101010
01101010010111101000010
01101010010101011011010
01101010010011001110010
01101010010001000001100
01101010001110110100101
01101010001100101000000
01101010001010011011011
01101010001000001110111
01101010000110000010011
01101010000011110110000
01101010000001101001110
01101001111111011101100
01101001111101010001010
01101001111011000101010
01101001111000111001010
01101001110110101101010
01101001110100100001011
01101001110010010101101
01101001110000001001111
01101001101101111110010
01101001101011110010110
01101001101001100111010
01101001100111011011111
01101001100101010000100
01101001100011000101010
01101001100000111010001
01101001011110101111000
01101001011100100011111
01101001011010011001000
01101001011000001110001
01101001010110000011010
01101001010011111000100
01101001010001101101111
01101001001111100011010
01101001001101011000110
01101001001011001110011
01101001001001000100000
01101001000110111001110
01101001000100101111100
01101001000010100101011
01101001000000011011010
01101000111110010001010
01101000111100000111011
01101000111001111101100
01101000110111110011110
01101000110101101010000
01101000110011100000011
01101000110001010110111
01101000101111001101011
01101000101101000100000
01101000101010111010101
01101000101000110001011
01101000100110101000001
01101000100100011111001
01101000100010010110000
01101000100000001101000
01101000011110000100001
01101000011011111011011
01101000011001110010101
01101000010111101001111
01101000010101100001011
01101000010011011000110
01101000010001010000011
01101000001111001000000
01101000001100111111101
01101000001010110111011
01101000001000101111010
01101000000110100111001
01101000000100011111001
01101000000010010111001
01101000000000001111010
01100111111110000111100
01100111111011111111110
01100111111001111000001
01100111110111110000100
01100111110101101001000
01100111110011100001100
01100111110001011010001
01100111101111010010111
01100111101101001011101
01100111101011000100100
01100111101000111101011
01100111100110110110011
01100111100100101111011
01100111100010101000100
01100111100000100001110
01100111011110011011000
01100111011100010100011
01100111011010001101110
01100111011000000111010
01100111010110000000111
01100111010011111010100
01100111010001110100001
01100111001111101101111
01100111001101100111110
01100111001011100001101
01100111001001011011101
01100111000111010101110
01100111000101001111111
01100111000011001010000
01100111000001000100010
01100110111110111110101
01100110111100111001000
01100110111010110011100
01100110111000101110000
01100110110110101000101
01100110110100100011011
01100110110010011110001
01100110110000011001000
01100110101110010011111
01100110101100001110110
01100110101010001001111
01100110101000000101000
01100110100110000000001
01100110100011111011011
01100110100001110110110
01100110011111110010001
01100110011101101101100
01100110011011101001001
01100110011001100100101
01100110010111100000011
01100110010101011100001
01100110010011010111111
01100110010001010011110
01100110001111001111110
01100110001101001011110
01100110001011000111110
01100110001001000100000
01100110000111000000001
01100110000100111100100
01100110000010111000111
01100110000000110101010
01100101111110110001110
01100101111100101110011
01100101111010101011000
01100101111000100111101
01100101110110100100100
01100101110100100001010
01100101110010011110010
01100101110000011011001
01100101101110011000010
01100101101100010101011
01100101101010010010100
01100101101000001111110
01100101100110001101001
01100101100100001010100
01100101100010001000000
01100101100000000101100
01100101011110000011001
01100101011100000000110
01100101011001111110100
01100101010111111100010
01100101010101111010001
01100101010011111000001
01100101010001110110001
01100101001111110100001
01100101001101110010010
01100101001011110000100
01100101001001101110110
01100101000111101101001
01100101000101101011100
01100101000011101010000
01100101000001101000101
01100100111111100111001
01100100111101100101111
01100100111011100100101
01100100111001100011011
01100100110111100010010
01100100110101100001010
01100100110011100000010
01100100110001011111011
01100100101111011110100
01100100101101011101110
01100100101011011101000
01100100101001011100011
01100100100111011011110
01100100100101011011010
01100100100011011010111
01100100100001011010011
01100100011111011010001
01100100011101011001111
01100100011011011001110
01100100011001011001101
01100100010111011001100
01100100010101011001100
01100100010011011001101
01100100010001011001110
01100100001111011010000
01100100001101011010010
01100100001011011010101
01100100001001011011000
01100100000111011011100
01100100000101011100001
01100100000011011100110
01100100000001011101011
01100011111111011110001
01100011111101011111000
01100011111011011111111
01100011111001100000110
01100011110111100001110
01100011110101100010111
01100011110011100100000
01100011110001100101010
01100011101111100110100
01100011101101100111110
01100011101011101001010
01100011101001101010101
01100011100111101100010
01100011100101101101110
01100011100011101111100
01100011100001110001010
01100011011111110011000
01100011011101110100111
01100011011011110110110
01100011011001111000110
01100011010111111010111
01100011010101111101000
01100011010011111111001
01100011010010000001011
01100011010000000011101
01100011001110000110001
01100011001100001000100
01100011001010001011000
01100011001000001101101
01100011000110010000010
01100011000100010010111
01100011000010010101110
01100011000000011000100
01100010111110011011011
01100010111100011110011
01100010111010100001011
01100010111000100100100
01100010110110100111101
01100010110100101010111
01100010110010101110001
01100010110000110001100
01100010101110110100111
01100010101100111000011
01100010101010111011111
01100010101000111111100
01100010100111000011001
01100010100101000110111
01100010100011001010101
01100010100001001110100
01100010011111010010100
01100010011101010110011
01100010011011011010100
01100010011001011110101
01100010010111100010110
01100010010101100111000
01100010010011101011010
01100010010001101111101
01100010001111110100001
01100010001101111000101
01100010001011111101001
01100010001010000001110
01100010001000000110011
01100010000110001011001
01100010000100010000000
01100010000010010100111
01100010000000011001110
01100001111110011110110
01100001111100100011110
01100001111010101000111
01100001111000101110001
01100001110110110011011
01100001110100111000101
01100001110010111110000
01100001110001000011100
01100001101111001001000
01100001101101001110100
01100001101011010100001
01100001101001011001110
01100001100111011111100
01100001100101100101011
01100001100011101011010
01100001100001110001001
01100001011111110111001
01100001011101111101010
01100001011100000011011
01100001011010001001100
01100001011000001111110
01100001010110010110000
01100001010100011100011
01100001010010100010111
01100001010000101001011
01100001001110101111111
01100001001100110110100
01100001001010111101001
01100001001001000011111
01100001000111001010101
01100001000101010001100
01100001000011011000100
01100001000001011111100
01100000111111100110100
01100000111101101101101
01100000111011110100110
01100000111001111100000
01100000111000000011010
01100000110110001010101
01100000110100010010000
01100000110010011001100
01100000110000100001000
01100000101110101000101
01100000101100110000010
01100000101010111000000
01100000101000111111110
01100000100111000111101
01100000100101001111100
01100000100011010111100
01100000100001011111100
01100000011111100111100
01100000011101101111110
01100000011011110111111
01100000011010000000001
01100000011000001000100
01100000010110010000111
01100000010100011001010
01100000010010100001110
01100000010000101010011
01100000001110110011000
01100000001100111011101
01100000001011000100011
01100000001001001101010
01100000000111010110001
01100000000101011111000
01100000000011101000000
01100000000001110001000
01011111111111111010001
01011111111110000011010
01011111111100001100100
01011111111010010101110
01011111111000011111001
01011111110110101000100
01011111110100110010000
01011111110010111011100
01011111110001000101001
01011111101111001110110
01011111101101011000100
01011111101011100010010
01011111101001101100000
01011111100111110101111
01011111100101111111111
01011111100100001001111
01011111100010010011111
01011111100000011110000
01011111011110101000010
01011111011100110010011
01011111011010111100110
01011111011001000111001
01011111010111010001100
01011111010101011100000
01011111010011100110100
01011111010001110001001
01011111001111111011110
01011111001110000110011
01011111001100010001010
01011111001010011100000
01011111001000100110111
01011111000110110001111
01011111000100111100111
01011111000011000111111
01011111000001010011000
01011110111111011110010
01011110111101101001011
01011110111011110100110
01011110111010000000001
01011110111000001011100
01011110110110010111000
01011110110100100010100
01011110110010101110000
01011110110000111001110
01011110101111000101011
01011110101101010001001
01011110101011011101000
01011110101001101000111
01011110100111110100110
01011110100110000000110
01011110100100001100110
01011110100010011000111
01011110100000100101001
01011110011110110001010
01011110011100111101101
01011110011011001001111
01011110011001010110010
01011110010111100010110
01011110010101101111010
01011110010011111011111
01011110010010001000100
01011110010000010101001
01011110001110100001111
01011110001100101110101
01011110001010111011100
01011110001001001000011
01011110000111010101011
01011110000101100010011
01011110000011101111100
01011110000001111100101
01011110000000001001111
01011101111110010111001
01011101111100100100011
01011101111010110001110
01011101111000111111001
01011101110111001100101
01011101110101011010010
01011101110011100111110
01011101110001110101100
01011101110000000011001
01011101101110010000111
01011101101100011110110
01011101101010101100101
01011101101000111010100
01011101100111001000100
01011101100101010110101
01011101100011100100110
01011101100001110010111
01011101100000000001001
01011101011110001111011
01011101011100011101101
01011101011010101100000
01011101011000111010100
01011101010111001001000
01011101010101010111100
01011101010011100110001
01011101010001110100111
01011101010000000011100
01011101001110010010011
01011101001100100001001
01011101001010110000000
01011101001000111111000
01011101000111001110000
01011101000101011101000
01011101000011101100001
01011101000001111011011
01011101000000001010100
01011100111110011001111
01011100111100101001001
01011100111010111000100
01011100111001001000000
01011100110111010111100
01011100110101100111001
01011100110011110110101
01011100110010000110011
01011100110000010110001
01011100101110100101111
01011100101100110101101
01011100101011000101101
01011100101001010101100
01011100100111100101100
01011100100101110101101
01011100100100000101101
01011100100010010101111
01011100100000100110000
01011100011110110110011
01011100011101000110101
01011100011011010111000
01011100011001100111100
01011100010111111000000
01011100010110001000100
01011100010100011001001
01011100010010101001110
01011100010000111010100
01011100001111001011010
01011100001101011100001
01011100001011101101000
01011100001001111101111
01011100001000001110111
01011100000110011111111
01011100000100110001000
01011100000011000010001
01011100000001010011011
01011011111111100100101
01011011111101110101111
01011011111100000111010
01011011111010011000110
01011011111000101010010
01011011110110111011110
01011011110101001101010
01011011110011011110111
01011011110001110000101
01011011110000000010011
01011011101110010100001
01011011101100100110000
01011011101010110111111
01011011101001001001111
01011011100111011011111
