100000000000000000
011111110100000100
011111101000001111
011111011100100001
011111010000111011
011111000101011100
011110111010000011
011110101110110010
011110100011101000
011110011000100100
011110001101100111
011110000010110000
011101111000000000
011101101101010110
011101100010110011
011101011000010110
011101001101111111
011101000011101110
011100111001100011
011100101111011110
011100100101011110
011100011011100101
011100010001110001
011100001000000011
011011111110011010
011011110100110111
011011101011011001
011011100010000001
011011011000101110
011011001111100000
011011000110010111
011010111101010100
011010110100010101
011010101011011100
011010100010100111
011010011001110111
011010010001001100
011010001000100110
011010000000000100
011001110111100111
011001101111001110
011001100110111010
011001011110101011
011001010110100000
011001001110011001
011001000110010110
011000111110011000
011000110110011110
011000101110101000
011000100110110111
011000011111001001
011000010111011111
011000001111111010
011000001000011000
011000000000111010
010111111001100000
010111110010001010
010111101010110111
010111100011101000
010111011100011101
010111010101010110
010111001110010010
010111000111010010
010111000000010101
010110111001011011
010110110010100110
010110101011110011
010110100101000100
010110011110011000
010110010111110000
010110010001001010
010110001010101000
010110000100001001
010101111101101110
010101110111010101
010101110000111111
010101101010101101
010101100100011101
010101011110010001
010101011000000111
010101010010000001
010101001011111101
010101000101111100
010100111111111110
010100111010000011
010100110100001011
010100101110010101
010100101000100010
010100100010110010
010100011101000100
010100010111011001
010100010001110001
010100001100001011
010100000110101000
010100000001000111
010011111011101001
010011110110001110
010011110000110100
010011101011011110
010011100110001001
010011100000110111
010011011011101000
010011010110011010
010011010001001111
010011001100000111
010011000111000000
010011000001111100
010010111100111010
010010110111111011
010010110010111101
010010101110000010
010010101001001001
010010100100010010
010010011111011101
010010011010101010
010010010101111001
010010010001001011
010010001100011110
010010000111110011
010010000011001010
010001111110100100
010001111001111111
010001110101011100
010001110000111011
010001101100011100
010001100111111111
010001100011100100
010001011111001010
010001011010110011
010001010110011101
010001010010001001
010001001101110111
010001001001100110
010001000101010111
010001000001001010
010000111100111111
010000111000110110
010000110100101110
010000110000101000
010000101100100011
010000101000100000
010000100100011111
010000100000011111
010000011100100001
010000011000100101
010000010100101010
010000010000110001
010000001100111001
010000001001000011
010000000101001110
010000000001011011
001111111101101001
001111111001111001
001111110110001010
001111110010011101
001111101110110001
001111101011000110
001111100111011101
001111100011110110
001111100000010000
001111011100101011
001111011001000111
001111010101100101
001111010010000100
001111001110100101
001111001011000111
001111000111101010
001111000100001111
001111000000110100
001110111101011011
001110111010000100
001110110110101101
001110110011011000
001110110000000100
001110101100110010
001110101001100000
001110100110010000
001110100011000001
001110011111110011
001110011100100111
001110011001011011
001110010110010001
001110010011001000
001110010000000000
001110001100111001
001110001001110011
001110000110101111
001110000011101011
001110000000101001
001101111101100111
001101111010100111
001101110111101000
001101110100101010
001101110001101101
001101101110110001
001101101011110110
001101101000111100
001101100110000011
001101100011001011
001101100000010100
001101011101011110
001101011010101010
001101010111110110
001101010101000011
001101010010010001
001101001111100000
001101001100110000
001101001010000001
001101000111010011
001101000100100101
001101000001111001
001100111111001110
001100111100100011
001100111001111010
001100110111010001
001100110100101010
001100110010000011
001100101111011101
001100101100111000
001100101010010100
001100100111110000
001100100101001110
001100100010101100
001100100000001011
001100011101101011
001100011011001100
001100011000101110
001100010110010001
001100010011110100
001100010001011000
001100001110111101
001100001100100011
001100001010001001
001100000111110001
001100000101011001
001100000011000010
001100000000101011
001011111110010110
001011111100000001
001011111001101101
001011110111011001
001011110101000111
001011110010110101
001011110000100100
001011101110010011
001011101100000011
001011101001110101
001011100111100110
001011100101011001
001011100011001100
001011100001000000
001011011110110100
001011011100101001
001011011010011111
001011011000010110
001011010110001101
