1000000000
0111111000
0111110000
0111101001
0111100001
0111011010
0111010011
0111001101
0111000110
0111000000
0110111010
0110110100
0110101110
0110101000
0110100011
0110011110
0110011000
0110010011
0110001110
0110001001
0110000101
0110000000
0101111011
0101110111
0101110011
0101101111
0101101010
0101100110
0101100010
0101011111
0101011011
0101010111
0101010100
0101010000
0101001101
0101001001
0101000110
0101000011
0100111111
0100111100
0100111001
0100110110
0100110011
0100110000
0100101101
0100101011
0100101000
0100100101
0100100011
0100100000
0100011101
0100011011
0100011000
0100010110
0100010100
0100010001
0100001111
0100001101
0100001011
0100001000
0100000110
0100000100
0100000010
0100000000