1111110100001
1111011101000
1111000110110
1110110001011
1110011100110
1110001000111
1101110101110
1101100011010
1101010001010
1101000000000
1100101111011
1100011111010
1100001111101
1100000000100
1011110001111
1011100011101
1011010101111
1011001000101
1010111011101
1010101111001
1010100011000
1010010111001
1010001011110
1010000000100
1001110101110
1001101011010
1001100001000
1001010111000
1001001101011
1001000011111
1000111010110
1000110001110
1000101001001
1000100000101
1000011000010
1000010000010
1000001000011
1000000000110
0111111001010
0111110001111
0111101010110
0111100011111
0111011101000
0111010110011
0111001111111
0111001001100
0111000011011
0110111101010
0110110111011
0110110001101
0110101011111
0110100110011
0110100001000
0110011011101
0110010110100
0110010001011
0110001100011
0110000111100
0110000010110
0101111110000
0101111001011
0101110100111
0101110000100
0101101100001