10000000000000000000
01111111101000000100
01111111010000001111
01111110111000100010
01111110100000111011
01111110001001011101
01111101110010000101
01111101011010110101
01111101000011101100
01111100101100101010
01111100010101101111
01111011111110111011
01111011101000001110
01111011010001100111
01111010111011001000
01111010100100110000
01111010001110011110
01111001111000010011
01111001100010001111
01111001001100010001
01111000110110011011
01111000100000101010
01111000001011000000
01110111110101011101
01110111100000000000
01110111001010101001
01110110110101011001
01110110100000001111
01110110001011001011
01110101110110001110
01110101100001010111
01110101001100100101
01110100110111111010
01110100100011010101
01110100001110110111
01110011111010011110
01110011100110001011
01110011010001111110
01110010111101110110
01110010101001110101
01110010010101111001
01110010000010000100
01110001101110010100
01110001011010101001
01110001000111000100
01110000110011100101
01110000100000001100
01110000001100111000
01101111111001101001
01101111100110100000
01101111010011011101
01101111000000011111
01101110101101100110
01101110011010110011
01101110001000000101
01101101110101011100
01101101100010111000
01101101010000011010
01101100111110000001
01101100101011101101
01101100011001011110
01101100000111010100
01101011110101001111
01101011100011010000
01101011010001010101
01101010111111011111
01101010101101101110
01101010011100000010
01101010001010011011
01101001111000111001
01101001100111011100
01101001010110000011
01101001000100101111
01101000110011100000
01101000100010010110
01101000010001010000
01101000000000001111
01100111101111010011
01100111011110011011
01100111001101101000
01100110111100111001
01100110101100001111
01100110011011101001
01100110001011001000
01100101111010101011
01100101101010010011
01100101011001111110
01100101001001101111
01100100111001100011
01100100101001011100
01100100011001011010
01100100001001011011
01100011111001100001
01100011101001101011
01100011011001111001
01100011001010001011
01100010111010100001
01100010101010111100
01100010011011011010
01100010001011111101
01100001111100100100
01100001101101001111
01100001011101111101
01100001001110110000
01100000111111100110
01100000110000100001
01100000100001011111
01100000010010100010
01100000000011101000
01011111110100110010
01011111100110000000
01011111010111010001
01011111001000100111
01011110111010000000
01011110101011011101
01011110011100111110
01011110001110100010
01011110000000001010
01011101110001110101
01011101100011100101
01011101010101011000
01011101000111001110
01011100111001001000
01011100101011000110
01011100011101000111
01011100001111001011
01011100000001010011
01011011110011011111
01011011100101101110
01011011011000000000
01011011001010010110
01011010111100110000
01011010101111001100
01011010100001101100
01011010010100010000
01011010000110110110
01011001111001100000
01011001101100001101
01011001011110111110
01011001010001110010
01011001000100101001
01011000110111100011
01011000101010100001
01011000011101100001
01011000010000100101
01011000000011101100
01010111110110110110
01010111101010000011
01010111011101010100
01010111010000100111
01010111000011111101
01010110110111010111
01010110101010110011
01010110011110010011
01010110010001110110
01010110000101011011
01010101111001000100
01010101101100101111
01010101100000011110
01010101010100001111
01010101001000000011
01010100111011111010
01010100101111110100
01010100100011110001
01010100010111110001
01010100001011110100
01010011111111111001
01010011110100000001
01010011101000001100
01010011011100011010
01010011010000101010
01010011000100111110
01010010111001010100
01010010101101101101
01010010100010001000
01010010010110100110
01010010001011000111
01010001111111101011
01010001110100010001
01010001101000111001
01010001011101100101
01010001010010010011
01010001000111000100
01010000111011110111
01010000110000101101
01010000100101100101
01010000011010100000
01010000001111011101
01010000000100011101
01001111111001100000
01001111101110100101
01001111100011101100
01001111011000110110
01001111001110000010
01001111000011010001
01001110111000100011
01001110101101110110
01001110100011001100
01001110011000100101
01001110001110000000
01001110000011011101
01001101111000111101
01001101101110011111
01001101100100000011
01001101011001101010
01001101001111010011
01001101000100111110
01001100111010101011
01001100110000011011
01001100100110001101
01001100011100000010
01001100010001111001
01001100000111110001
01001011111101101101
01001011110011101010
01001011101001101010
01001011011111101011
01001011010101101111
01001011001011110101
01001011000001111110
01001010111000001000
01001010101110010101
01001010100100100011
01001010011010110100
01001010010001000111
01001010000111011100
01001001111101110100
01001001110100001101
01001001101010101000
01001001100001000110
01001001010111100101
01001001001110000110
01001001000100101010
01001000111011010000
01001000110001110111
01001000101000100001
01001000011111001100
01001000010101111010
01001000001100101010
01001000000011011011
01000111111010001111
01000111110001000100
01000111100111111011
01000111011110110101
01000111010101110000
01000111001100101101
01000111000011101100
01000110111010101101
01000110110001110000
01000110101000110101
01000110011111111100
01000110010111000100
01000110001110001110
01000110000101011011
01000101111100101001
01000101110011111001
01000101101011001010
01000101100010011110
01000101011001110011
01000101010001001010
01000101001000100011
01000100111111111110
01000100110111011010
01000100101110111000
01000100100110011000
01000100011101111010
01000100010101011110
01000100001101000011
01000100000100101010
01000011111100010010
01000011110011111101
01000011101011101001
01000011100011010111
01000011011011000110
01000011010010110111
01000011001010101010
01000011000010011111
01000010111010010101
01000010110010001100
01000010101010000110
01000010100010000001
01000010011001111110
01000010010001111100
01000010001001111100
01000010000001111101
01000001111010000001
01000001110010000101
01000001101010001100
01000001100010010011
01000001011010011101
01000001010010101000
01000001001010110101
01000001000011000011
01000000111011010010
01000000110011100100
01000000101011110110
01000000100100001011
01000000011100100000
01000000010100111000
01000000001101010001
01000000000101101011
00111111111110000111
00111111110110100100
00111111101111000011
00111111100111100011
00111111100000000101
00111111011000101000
00111111010001001101
00111111001001110011
00111111000010011010
00111110111011000011
00111110110011101110
00111110101100011010
00111110100101000111
00111110011101110101
00111110010110100101
00111110001111010111
00111110001000001010
00111110000000111110
00111101111001110100
00111101110010101011
00111101101011100011
00111101100100011101
00111101011101011000
00111101010110010100
00111101001111010010
00111101001000010001
00111101000001010010
00111100111010010100
00111100110011010111
00111100101100011011
00111100100101100001
00111100011110101000
00111100010111110000
00111100010000111010
00111100001010000101
00111100000011010001
00111011111100011111
00111011110101101110
00111011101110111110
00111011101000001111
00111011100001100010
00111011011010110110
00111011010100001011
00111011001101100001
00111011000110111001
00111011000000010010
00111010111001101100
00111010110011000111
00111010101100100100
00111010100110000010
00111010011111100000
00111010011001000001
00111010010010100010
00111010001100000101
00111010000101101000
00111001111111001101
00111001111000110011
00111001110010011011
00111001101100000011
00111001100101101101
00111001011111011000
00111001011001000100
00111001010010110001
00111001001100011111
00111001000110001111
00111000111111111111
00111000111001110001
00111000110011100100
00111000101101011000
00111000100111001101
00111000100001000011
00111000011010111010
00111000010100110011
00111000001110101100
00111000001000100111
00111000000010100010
00110111111100011111
00110111110110011101
00110111110000011100
00110111101010011100
00110111100100011101
00110111011110100000
00110111011000100011
00110111010010100111
00110111001100101101
00110111000110110011
00110111000000111010
00110110111011000011
00110110110101001101
00110110101111010111
00110110101001100011
00110110100011110000
00110110011101111101
00110110011000001100
00110110010010011100
00110110001100101100
00110110000110111110
00110110000001010001
00110101111011100101
00110101110101111010
00110101110000001111
00110101101010100110
00110101100100111110
00110101011111010111
00110101011001110000
00110101010100001011
00110101001110100111
00110101001001000011
00110101000011100001
00110100111101111111
00110100111000011111
00110100110010111111
00110100101101100001
00110100101000000011
00110100100010100110
00110100011101001011
00110100010111110000
00110100010010010110
00110100001100111101
00110100000111100101
00110100000010001110
00110011111100111000
00110011110111100010
00110011110010001110
00110011101100111011
00110011100111101000
00110011100010010110
00110011011101000110
00110011010111110110
00110011010010100111
00110011001101011001
00110011001000001011
00110011000010111111
00110010111101110100
00110010111000101001
00110010110011011111
00110010101110010111
00110010101001001111
00110010100100000111
00110010011111000001
00110010011001111100
00110010010100110111
00110010001111110100
00110010001010110001
00110010000101101111
00110010000000101110
00110001111011101101
00110001110110101110
00110001110001101111
00110001101100110001
00110001100111110100
00110001100010111000
00110001011101111101
00110001011001000010
00110001010100001000
00110001001111010000
00110001001010010111
00110001000101100000
00110001000000101010
00110000111011110100
00110000110110111111
00110000110010001011
00110000101101011000
00110000101000100101
00110000100011110011
00110000011111000010
00110000011010010010
00110000010101100011
00110000010000110100
00110000001100000110
00110000000111011001
00110000000010101101
00101111111110000001
00101111111001010110
00101111110100101100
00101111110000000011
00101111101011011010
00101111100110110010
00101111100010001011
00101111011101100101
00101111011000111111
00101111010100011011
00101111001111110110
00101111001011010011
00101111000110110000
00101111000010001110
00101110111101101101
00101110111001001101
00101110110100101101
00101110110000001110
00101110101011110000
00101110100111010010
00101110100010110101
00101110011110011001
00101110011001111101
00101110010101100011
00101110010001001001
00101110001100101111
00101110001000010111
00101110000011111111
00101101111111100111
00101101111011010001
00101101110110111011
00101101110010100101
00101101101110010001
00101101101001111101
00101101100101101010
00101101100001010111
00101101011101000101
00101101011000110100
00101101010100100100
