1000000000000
0111111000000
0111110000010
0111101000110
0111100001011
0111011010011
0111010011100
0111001100110
0111000110010
0111000000000
0110111001111
0110110011111
0110101110001
0110101000011
0110100010111
0110011101100
0110011000010
0110010011010
0110001110010
0110001001011
0110000100101
0110000000000
0101111011100
0101110111001
0101110010110
0101101110100
0101101010011
0101100110011
0101100010100
0101011110101
0101011010111
0101010111001
0101010011100
0101010000000
0101001100100
0101001001001
0101000101111
0101000010100
0100111111011
0100111100010
0100111001001
0100110110001
0100110011010
0100110000010
0100101101100
0100101010101
0100100111111
0100100101010
0100100010101
0100100000000
0100011101100
0100011011000
0100011000100
0100010110001
0100010011110
0100010001011
0100001111000
0100001100110
0100001010101
0100001000011
0100000110010
0100000100001
0100000010000
0100000000000
