011111011001011110100010
011111010110011101110101
011111010011110000110110
011111001110100010001010
011111001100011000110010
011111000001101111100001
011110100010000111100001
011110010011100000101100
011101110100010111010010
011101010010011001011001
011101001110111111100001
011101001100101111111111
011101001000000100111000
011100111000011111101000
011100100000011011011100
011100011110010111001100
011100010101100000001100
011011000101110101011010
011010111101011011010011
011010110110111101000110
011010101011101101101111
011010011100111001011110
011001110000001000100110
011001101010111111001000
011001100110011101100101
011001000010110000000111
011001000000101110111000
011000101011010101000111
011000011110011111100110
011000010111001101011011
011000001001001110001001
011000000111110010010001
011000000010011111101110
010111110110101111010110
010111110000100110000111
010111011111100101000001
010111011110011011101000
010111011100000000110000
010111011010110011011110
010111010001001010001011
010111000000100100001100
010110110111110001110010
010110101110100000101010
010110100011101111000101
010110011001111101111011
010101110101001000110110
010101010001100001110100
010101001100101101110111
010101001000100011100111
010101001000000001001110
010101000011000010001100
010100111011111001010011
010100111011110100101111
010100111010001111111100
010100101000010001100000
010100010000111100111010
010100001010010100100010
010011110111100110010011
010011110101010001001010
010011110000010010100011
010011101110100001001011
010011100011100110001100
010011100011010001001111
010011100010101110001000
010011011011111010000100
010011011011100000010110
010011001001001111011000
010010111010011000111111
010010111001011111001110
010010110111100010110001
010010110001111111110001
010010101111010011101010
010010100001101110000100
010010011111010001000111
010010011101011010111111
010010011100101001011010
010010001010001000001011
010001110100110110100111
010001100101111100110010
010001100100101101110100
010001000111110110100100
010001000100001110100010
010001000001110111100101
010000111101010111010111
010000101110010110011101
010000010010110110010010
010000001101101001111000
010000001010011100100011
