011111111111110110101001
011111001011111001010011
011110110100111001110110
011110011100001110100011
011110010011000011011111
011110000000010100100110
011101110010110010100000
011100110110110100100100
011100010000000011111000
011011110011101101011101
011011101001010111101100
011011100010100000110110
011011001001010100110001
011011000011101001101011
011010101010010100100000
011010101010000000000100
011010001000110110101110
011010001000101110011001
011001101000101011100111
011001010100000011000011
011000101001000011011110
011000100111110011110111
011000100110000011101000
010111100111101111011111
010111000101011100110111
010110111101000000110110
010110110100000000110001
010110011100010000000010
010101110001111001101101
010101100101101000100111
010101100100000111101011
010101100011011010001110
010101010111000101101111
010101001101001001110100
010101000011000101000011
010101000010111001101100
010100111111111001111110
010100111110100000111110
010100111011111111101000
010100110001100111111010
010100101010011000110100
010100101000110101101000
010100011011010001001101
010100010110011100101000
010100010000000100011101
010011101111010111110111
010011101110101110110111
010011101101011011010001
010011101010001110001111
010011011011000100010111
010011011000000010111000
010011000011010010111110
010011000010000100000100
010011000001111100111101
010010110001100100110110
010010101110011000011110
010010011100000110000100
010010010110011110110100
010010010000011101101001
010010001100100011110101
010010000111011010010100
010010000100001110100011
010001111100001111100110
010001110111111110111110
010001110101000100100111
010001101011011001101000
010001100110001000001001
010001100000001110011010
010001011110110111111111
010001011100101100100100
010001001111110100001011
010001001110011000111010
010000111000101100100000
010000101000100110011101
010000011101001000111010
010000011011110010001010
010000010101101011001011
010000010100110101111111
010000001001101000010011
010000000101010101100111
