011111111110110110101110
011111111000110101011101
011111110111111000110000
011111110110101100000011
011111110110000101100001
011111110010001000011001
011111110000001111001000
011111101101101011110111
011111101010100110000100
011111100111011111111100
011111100110111100101001
011111100110011100010110
011111100110010011100011
011111100001001101100111
011111100001000000010111
011111100000111111011001
011111011111100101100110
011111011010100101101110
011111010001100111001001
011111010000010101100101
011111010000000010100101
011111001110001001110110
011111001101011000010111
011111001011111000010111
011111000111011101011011
011111000100111110000100
011110111101001011111111
011110111100110001110111
011110111011101000010000
011110111010100110101110
011110111001001100011000
011110110100010110010000
011110110011111100101010
011110110010100101001001
011110110010011101000010
011110110001000101111111
011110110000101101110111
011110101111100101101001
011110101111001000000101
011110101101001010000111
011110101001010001111100
011110100111001110100111
011110100100111100110101
011110100010010101010100
011110100000101001100010
011110100000101000101100
011110011110011111111011
011110011101110010100010
011110011100100000101100
011110011011111100010101
011110010110100000000010
011110010010101011010000
011110010001110101000111
011110010001010001100001
011110010000010100100101
011110001111111001111000
011110001110111111110100
011110001010110011110001
011110001010100100010110
011110001000001000101100
011110000011100010011100
011110000010100000101010
011110000000110001100000
011110000000100110111011
011101111101000100010000
011101111100101010001001
011101111001011100100101
011101110110100100010110
011101110101101101110000
011101110001110001010011
011101110001101101101110
011101110000101100010110
011101101110011110010011
011101101011001000010101
011101100100111001011111
011101100100110110111001
011101100001011001101010
011101100000100011100101
011101100000100010010001
011101100000000110011100
011101011110010101001010
011101011011110010001000
011101011010101110001001
011101011000110100111110
011101010110100111100100
011101010000010101000100
011101001110111101110000
011101001011001101010100
011101001011000101110110
011101000110111001110001
011101000011100011100110
011101000010110011100010
011101000001010001010110
011101000001001101110010
011101000000011100101111
011101000000001101011001
011101000000001000100010
011100111111011100010001
011100111011011001101001
011100111011010110100010
011100111001100001101100
011100111000111001111100
011100111000011100100011
011100110110001100001110
011100110011010100101011
011100110010111001011000
011100110001011100101010
011100110001010101011011
011100110001000000000001
011100110000101011011110
011100100111001000011110
011100100110001100011100
011100100001001010100001
011100011111001101100111
011100011101101011000101
011100011011111000001100
011100011011011111111011
011100011001111111010101
011100010101101100000110
011100010010111000000000
011100010001000000011100
011100010000100110000010
011100010000001100101011
011100001111101000010000
011100001110011110000110
011100001110011010110010
011100001011110010111111
011100001010101010110101
011100001010010111010011
011100000110001011011101
011100000101011110001010
011100000010110001001000
011011111100011010000110
011011111000001001011001
011011110011010011100110
011011110010110111000010
011011110001001100000100
011011101111111100001100
011011101111001011111000
011011101110100011011000
011011101011101001010011
011011101011100100101000
011011101001110001001100
011011100111101000010101
011011100101000011101000
011011100100110001010001
011011100010001111010010
011011011100101111101010
011011011011111010010001
011011010101100101110001
011011010010100111111011
011011010010100100110101
011011010001100000110110
011011010000111010101011
011011001110010101110101
011011001101110010001011
011011001100111011011100
011011001100110110011110
011011001001111111011011
011011001001001011111010
011011001000001101010010
011011000111111110110011
011011000111101110011001
011011000110110000100101
011011000101010100101110
011011000100011111101001
011011000011000011001000
011011000010101100000010
011011000000110100000010
011010111110010000010110
011010111110001001101111
011010111101000011101110
011010111011101110111001
011010111011001000001010
011010111001001101011101
011010110111101110101011
011010110110010100110111
011010101001101000101001
011010101000110011010001
011010100111101001011100
011010100100111110111010
011010100100100011110011
011010100011111100011010
011010100010001001111011
011010100000111001111101
011010011110011011001000
011010011110001101011011
011010011100010111101000
011010011100010101001010
011010010111110100010010
011010010111100000101000
011010010110001101101110
011010010101100001000111
011010010100011010011000
011010010100000000111111
011010010001110101001001
011010010001000000000110
011010010000010101001011
011010001100001001110001
011010001000000001011101
011010000111101001110110
011010000110111110111110
011010000110110111000110
011010000100110111101001
011010000001110111111111
011010000001000000111001
011001111111111000000101
011001111110001100010100
011001111101101100100000
011001111100110001010111
011001111011100101101011
011001111010100110100110
011001110110111111110110
011001110100000011100101
011001110011111101100101
011001110011110101001000
011001110000111001101101
011001101111111001110000
011001101110010010011011
011001101101100011011111
011001101101011000100100
011001101100000001100011
011001101011001110001101
011001101010100011100001
011001101001010111110011
011001101000111111011111
011001101000011110001000
011001101000011010000100
011001100111110101010100
011001100111001001101111
011001100011010001001011
011001100011000011010111
011001100010100011100001
011001100010000110111101
011001100001111011011010
011001011110000000111010
011001011000110111101101
011001010110111100110111
011001010101110011011110
011001010100010111000101
011001001110110101010111
011001001101000000011111
011001001100111111001001
011001001010100000000110
011001000111101110000110
011001000111000111110101
011001000111000011011001
011001000101111010001101
011001000101000001111110
011001000100011110010011
011001000100010011010101
011001000011111100101100
011001000010000111101100
011001000000111000111101
011001000000110100000001
011000111111101000010110
011000111110000001001110
011000111100000001000101
011000111011110011011100
011000110110010101100110
011000110101100100101100
011000110100100110001011
011000110100010111001000
011000110010111111111010
011000110010011011101101
011000110010010110000101
011000110010001111011101
011000110001000101001110
011000101100000011110110
011000101001100101000100
011000101000111011111100
011000100111110111010101
011000100111001000010010
011000100110010110111110
011000100110000010110011
011000100000111100011011
011000100000101101110100
011000010110111101110110
011000010110010100100100
011000010011100100110010
011000010011001101000001
011000010010100011000001
011000010001000011100000
011000010000001101000100
011000001111100011111110
011000001110000000010010
011000001101110100010111
011000001010101100101111
011000001010010001001110
011000001001000101010001
011000000111001001100010
011000000101110011100011
011000000100111111111000
011000000011111110011000
011000000010000011011001
011000000000000110001110
010111111110000011001101
010111111011011101110101
010111111010100111000110
010111111010100111000001
010111111000011111100111
010111110111100001111000
010111110110010001010111
010111110101010011111110
010111110101001010010111
010111110100011010100111
010111110100000001111111
010111110011111100010100
010111110001010000111100
010111101111111001111111
010111101111100101101100
010111101101001100110111
010111101011111100011111
010111101011000111101101
010111101000101111010010
010111101000100111110011
010111100111000110001001
010111100110111001101010
010111100110100111000110
010111100110010000101111
010111100100111100001000
010111100011100100011111
010111100010101100101000
010111100000111111110100
010111011110101100100001
010111011010000001001110
010111011000111011111000
010111010110011100100110
010111010001011110111000
010111001111110101010000
010111001110011001100001
010111001100101001110100
010111001011111011001000
010111001011101000010010
010111001011001101110100
010111001010001100000000
010111000111001110011101
010111000110101010000001
010111000100111111100111
010111000100001110110001
010111000011111011011101
010111000011100101010110
010111000011001010100101
010111000010110000110110
010111000001100001011101
010111000001010010011100
010111000000111001111111
010111000000010000010100
010111000000000010001110
010110111110100101100111
010110111101011000110011
010110111100110000101100
010110111100000101000110
010110111100000100011110
010110111010010100000011
010110111010000001100111
010110110111010111110111
010110110110101110110101
010110110101111000111001
010110110001011100010010
010110101100001111011000
010110101001101010110001
010110101000001110001111
010110100100111101110101
010110100100110101000110
010110100011011010111011
010110100010100010110110
010110100001001111110100
010110011111110101111111
010110011110101110110101
010110011110010111100001
010110011100011100111111
010110011100001101001111
010110011100000001000100
010110011010000010110001
010110011001111011110101
010110011001001111001101
010110011001000000011010
010110011000001011101100
010110011000000111000000
010110010111010100111101
010110010101010000000000
010110010100000011000000
010110010011011010101110
010110010011001000100010
010110010011000110111101
010110010011000011100010
010110010010101110100111
010110010001110110011110
010110010001001110010001
010110010000010100011001
010110001101101100010111
010110001010011111110100
010110001010011110001100
010110001010000101110111
010110001000001001111101
010110000110111011101101
010110000110001010000101
010110000101111100100101
010110000001101110111001
010110000001011101000011
010110000001000010100001
010101111110110110101111
010101111110110011110110
010101111110000110100010
010101111101001001010111
010101111001001010000100
010101110111110000011100
010101110110011100110001
010101110110000101001011
010101110100101111010100
010101110011101001101100
010101110010000110010111
010101110001100110100010
010101110001011100000110
010101110000101100111111
010101110000010011011111
010101101100100110001100
010101101011010100101111
010101101010000111011010
010101101001110011011001
010101101001101110000011
010101101000000111110111
010101100110010010010011
010101100100100010011011
010101100001111100000010
010101100000101001011111
010101011111111001000011
010101011111101101010111
010101011111000001010000
010101011110011101111001
010101011100101010111101
010101011100010111111001
010101011010111010110100
010101011010100110000001
010101011001100111000101
010101011001001000100001
010101011000111000100001
010101011000110000111001
010101010111011111001101
010101010110001000111010
010101010011010010010001
010101010010111111010100
010101010010110100000110
010101010010011110110101
010101010010010010101011
010101010001110100101001
010101001101110100011111
010101001100111111111111
010101001100110110101000
010101001011011011100011
010101001000011101001101
010101000110111000101011
010101000110011111000011
010101000110000111001010
010101000101110110101011
010101000011111111001100
010101000011101011010111
010101000011100010111000
010100111110001011011011
010100111101100000111010
010100111100111101010010
010100111100111011111110
010100111100100110001010
010100111011000111100110
010100111010111111010111
010100110111000011001100
010100110101110101010100
010100110101110011001100
010100110101011001010011
010100110011110110110101
010100110010101010101000
010100110010011011000000
010100110001100000011011
010100101111010111101010
010100101111000110001100
010100101110011110001101
010100101101000110111010
010100101011101011100010
010100101011100100100010
010100101010011000101100
010100101010000011111011
010100101001110101010000
010100101001100011111100
010100101000101001100010
010100100111110000101100
010100100110010011000111
010100100101101011111100
010100100001101010100111
010100100001100111111110
010100100000111001001111
010100011110010011110101
010100011101001101010001
010100011100100000000010
010100011011011101101001
010100011000011011100011
010100010110000000011001
010100010101101101010100
010100010101101100100010
010100010101100010110010
010100010101001110111111
010100010100101111111010
010100010011010011011110
010100010010110111001001
010100010001001111001101
010100001111110011111010
010100001111110000101101
010100001111101000011100
010100001111011011111100
010100001110111011110011
010100001110110001000110
010100001110001010000010
010100001101111111001000
010100001101100110010100
010100001101001101111010
010100001100100101110010
010100001100001110111101
010100001100000110111111
010100001011111101101101
010100001011101000110100
010100001010110000101111
010100001010100010011001
010100001001110100011100
010100001000011001101001
010100000111001100100011
010100000100111100100100
010100000100010111011111
010100000011101001000000
010100000001100011111110
010100000000101101011111
010100000000100101000111
010011111111000110011000
010011111101100010011111
010011111100111000010111
010011111100101000011010
010011111100001011010101
010011111011111000101110
010011111011010110001000
010011111000111101111010
010011111000101111010101
010011111000010101011111
010011111000000001100001
010011110110100110100010
010011110101101110101111
010011110101011010000111
010011110011101110101111
010011110011100010001010
010011110011011110010000
010011110011001111010010
010011110011001110111100
010011110011000000101101
010011110010111010000001
010011110010011000111011
010011110001001110000101
010011110000100010000011
010011101110100100000001
010011101101110010001010
010011101101011110101100
010011101101010010000100
010011101011111101011101
010011101010000101011101
010011101001110010100111
010011101001011000110000
010011101001001111001111
010011101000011000000011
010011100111000110000001
010011100110011111110011
010011100100101000101110
010011100011110011001011
010011100010011101100101
010011100010010010111101
010011100010000101001111
010011100000001110111101
010011100000001100010010
010011011110011011110000
010011011101001101000101
010011011101001001100000
010011011011101011000111
010011011011011110001000
010011011010111101001100
010011011010010100110111
010011011001100101010011
010011011001000111000111
010011011000110101000100
010011011000011001001010
010011011000010101111010
010011011000010100100101
010011010111110100110101
010011010111100100101011
010011010101110011010011
010011010100011110101001
010011010100011010000011
010011010011001001011101
010011010001111001010111
010011010001101110010011
010011010001101000111110
010011010001100110001100
010011010001011110010111
010011010001011100100111
010011001111110001000111
010011001101010100111000
010011001100101000001011
010011001011100111111001
010011001001010101001010
010011001000110000111110
010011001000010111000000
010011000111111010001011
010011000110000111110111
010011000101110111110100
010011000101100111110110
010011000100100001001110
010011000011111001111110
010011000011110110011111
010011000001100100110101
010011000000001100101110
010011000000001011110101
010011000000000110000111
010010111110100010110001
010010111101101100100101
010010111101100001010110
010010111101001011101010
010010111100111011010000
010010111011001011110000
010010111001100100000000
010010111001100010011100
010010111001001011110100
010010111001000011011011
010010111000010101011101
010010111000001010110100
010010111000001000100010
010010110111001110001001
010010110110100100101011
010010110110011101111000
010010110101101000110100
010010110101100101000100
010010110100111010011000
010010110100110000110001
010010110100001010111000
010010110100000101001000
010010110011111010110101
010010101111101111100111
010010101110110110110101
010010101110001011000010
010010101100101101010110
010010101100001011001001
010010101010010011000101
010010101010010001100001
010010101010001000010001
010010101001101100110001
010010101001100100101110
010010100111011111101010
010010100100111100001000
010010100011101001010100
010010100011011000000110
010010100011010001100111
010010100001101001011000
010010100001100100111101
010010100000011011001011
010010011111000011110010
010010011011110111100111
010010011011101000010010
010010011001101111100111
010010011000101011000011
010010011000000101111111
010010010111111101010000
010010010110101001111101
010010010011100101011011
010010010011001110100100
010010010010011000011001
010010010010001111001010
010010010001101010111100
010010010001001001101100
010010001111001011100111
010010001110001111110111
010010001110001000111000
010010001101110010011011
010010001101010011001110
010010001100010110011111
010010001011110011110000
010010001011010000011001
010010001010111100010110
010010001001110100000100
010010001001101010111000
010010001000111011111011
010010001000011101110000
010010000111100111000001
010010000011111000101001
010010000010011010110100
010010000000100001011100
010010000000011110110011
010010000000010101110001
010001111110110010110010
010001111101010000011000
010001111010111010000110
010001111010100000010001
010001111001111011110100
010001111001110011000011
010001111001100111001000
010001110111101000101111
010001110111100011110101
010001110111000111000010
010001110111000101111111
010001110101111001100101
010001110100111100100001
010001110100101101001100
010001110011011111101001
010001110011001001011110
010001101111010000110100
010001101111001111101001
010001101101011100110101
010001101100101110110100
010001101100101110100110
010001101100011000110011
010001101011111101101000
010001101011010111110100
010001101010111010001010
010001101010100010111010
010001101010010110011101
010001101001011111011110
010001101001001100011110
010001101000100010001001
010001101000011111101110
010001100111101001010110
010001100111100111000011
010001100101111001010000
010001100100110101001010
010001100100010110000000
010001100010010101011001
010001100010010101010111
010001100010001010011101
010001100001110111101100
010001100001011101001000
010001011111010100000000
010001011101100010001100
010001011100101110110111
010001011100011101110110
010001011100011101101110
010001011100001000000111
010001011011110010001110
010001011001011100110100
010001010111100010101010
010001010111010000100011
010001010101001110110111
010001010010110001101101
010001010001010000110010
010001001111110011000000
010001001111001001000000
010001001110101111100111
010001001110011100100010
010001001110001100111101
010001001100100101000101
010001001010111000111111
010001001000011111000110
010001001000010100000110
010001001000001000010100
010001000111101100010111
010001000111001110001010
010001000110100110100101
010001000110000000111111
010001000101110000000000
010001000100011100101001
010001000011110011100111
010001000011110001111100
010001000011011000000010
010001000011001101101011
010001000001001011110110
010001000000011001011110
010001000000010100101100
010000111110110100000000
010000111110101011101010
010000111101011011101101
010000111101001001100111
010000111100010111011100
010000111011010110010000
010000111001000111100010
010000110111101011110010
010000110110110001001110
010000110110100100111110
010000110101110100100010
010000110101011000011001
010000110100111000000000
010000110010010011101101
010000110010001011001010
010000110001101011110001
010000110001100101100001
010000110001010111000001
010000110000001100111010
010000110000000111011111
010000110000000010000101
010000101111111110001010
010000101111001010000111
010000101110011001001111
010000101101101110111110
010000101100001111010111
010000101011100111001111
010000101010111111101000
010000101010001001100000
010000101001110001011100
010000100111110001010001
010000100111010111011110
010000100111000000111001
010000100110000001111100
010000100101111001100011
010000100100000001011110
010000100011111101000000
010000100011111100111001
010000100011110010011100
010000100011101001100101
010000100011000011111110
010000100001011111110001
010000100001010010111011
010000100001000100101100
010000011111110111011000
010000011111000001100001
010000011110100011010110
010000011110011011110001
010000011100001000101101
010000011011011100100001
010000011010101001000010
010000011001101111010000
010000011000111111111100
010000010111011100001110
010000010110001011011100
010000010100011010111101
010000010011010011011111
010000010010001010001111
010000001111110111011100
010000001100101110100111
010000001011110000000100
010000001000110110110101
010000001000110001100101
010000001000100111110111
010000001000011110000010
010000001000001010001001
010000000101111000001001
010000000101100101110000
010000000100001010101101
010000000011111011111011
010000000011101010011000
010000000010100011110111
010000000010011101010110
010000000010010001100100
010000000001111111101000
010000000001110010100011
010000000001100010000000
010000000000011101011011
