011111111110010000111000
011111111110000001011110
011111111100110011001010
011111111100110001110100
011111111100010111110111
011111111011111101110101
011111111011000110100100
011111111001101100111100
011111111000111010101010
011111110111101000111101
011111110111000000001011
011111110110110010010000
011111110110011001101001
011111110101100001100111
011111110100001010111000
011111110011010010111101
011111110001001110100001
011111101110010000100111
011111101101000111101011
011111101001010101010010
011111100110101111010001
011111100110010001110000
011111100010111000001110
011111100010101100110110
011111100010010011101011
011111011111101111100101
011111011011111110111001
011111011010110001010000
011111011010010110111000
011111011001111111100100
011111011000101011001001
011111010111110001110000
011111010110011111000100
011111010101101001101010
011111010000000010000101
011111001101001110001111
011111001100111001001111
011111001011111001010011
011111001011010110100001
011111001001100110100101
011111001000100100100111
011111001000100001110011
011111000110111111100011
011111000101101011101000
011111000010001110010100
011111000010000111111011
011110111111110110110010
011110111101011111000111
011110111100111101111011
011110111011100011000010
011110111011011011011100
011110111001010000110011
011110111000110011011100
011110110111011111000101
011110110101100111101000
011110110101100001111101
011110110010110000111110
011110110001001011000001
011110101111110110000010
011110101011111010011101
011110101011110010111111
011110101010111110011010
011110101010110001100101
011110101001000001110000
011110101000010101100101
011110100101110010010000
011110100100010001001001
011110100011101111101010
011110100001011110111111
011110011111100100010011
011110011110101001010111
011110011110100101110100
011110011110000101100111
011110011001001001010011
011110010111000111111010
011110010101101010111110
011110010010011110000110
011110010000111111000111
011110001111101011010000
011110001110110111101110
011110001100100001101011
011110001100011000101010
011110001010100110010011
011110001010010010010000
011110001001100101001101
011110001000000101110011
011110000111101000101010
011110000110111111101011
011110000101010100111010
011110000101000111001011
011110000100111111011000
011110000001000111101100
011110000000001001111101
011101111111101110111001
011101111111101110110110
011101111111001111011111
011101111111000010000110
011101111111000000111000
011101111110010010001010
011101111101000001111011
011101111100110110100010
011101111011010111110101
011101111010100000000101
011101111000111100001100
011101111000011101101100
011101111000010110101111
011101110110100111100100
011101110101001010001010
011101110011100000011000
011101110011011100010100
011101110011010110101011
011101110010011011111011
011101110010010010110111
011101110001011010000001
011101110001001000100000
011101110000111010100111
011101110000000001101001
011101101011110010000010
011101101010010010101011
011101101001001000001100
011101101000111001100011
011101101000000000101011
011101100111000000010111
011101100110000001001000
011101100100110010001011
011101100011011100111011
011101100010110110110111
011101100001101001110110
011101011101101001110101
011101011101011011000000
011101011100010101001011
011101011010101101101010
011101011001000110000010
011101011000110100111111
011101011000000110100000
011101011000000100011100
011101010111000010100001
011101010100111011001101
011101010100011111001110
011101010011100000001100
011101010010101100000010
011101010001000010000010
011101001111100100010101
011101001111011011101011
011101001111011010001000
011101001110101001001001
011101001110001101000101
011101001011000101111111
011101001011000100101000
011101001000001001110110
011101000111000001111110
011101000110110001011110
011101000110110001010000
011101000101110100001101
011101000101011000100011
011101000100111011101011
011101000100011110001011
011101000011101101001000
011101000011010010011011
011101000010110000010100
011101000010001111101010
011101000010001011100000
011101000001110010011110
011101000001100001110110
011101000001001101101110
011100111111110111010011
011100111110010001011110
011100111110010000011110
011100111101111010101011
011100111101010100010100
011100111101001101111010
011100111100100111110010
011100111100011110011111
011100111001101110001101
011100111001100001000100
011100111001010111110110
011100111001010111110101
011100111001010101101110
011100111000101101111101
011100111000001110101000
011100110111111001001000
011100110111010101010001
011100110111001011111010
011100110110110001011110
011100110110100111001110
011100110110000100011101
011100110101011111010010
011100110101000100011010
011100110100010110110101
011100110100000011010101
011100110011110011000010
011100110011011101010000
011100110001001111100101
011100110000011111000101
011100110000010000000100
011100101111100011101000
011100101111000000111010
011100101100011111110010
011100101010111011010000
011100101010000011101011
011100101000001110011010
011100100111011101010010
011100100111001001111001
011100100110110001111011
011100100110100111010000
011100100110010101111100
011100100110001001100011
011100100100101111011010
011100100100101110011000
011100100100100101000111
011100100100001111010010
011100100010001111110011
011100100000110011100100
011100011111111000010001
011100011110100101001011
011100011101011001101110
011100011100011010000001
011100011001011101001100
011100010111000110110101
011100010110000000110111
011100010101010001010011
011100010101000011011010
011100010100001111110010
011100010011110101011011
011100010011000011110111
011100010010010001110000
011100010001111000111000
011100010001100011001000
011100010000011100110100
011100010000011011011111
011100010000010000101011
011100001111011000011010
011100001100000010100111
011100001011111001100100
011100001011101011010110
011100001011100110001111
011100001001010011000001
011100000111111000110001
011100000110101100111011
011100000110000100001001
011100000011111010000010
011100000011010001000111
011100000010110100010011
011100000001010000001111
011100000000011110010001
011100000000001010000010
011100000000000011010101
011011111111100111100010
011011111110000011011101
011011111101111100001101
011011111101010101011000
011011111100100010101101
011011111100011000001100
011011111011110010110111
011011111011110010000001
011011111010011101000001
011011111010010001101100
011011111000001110100001
011011110111111010010010
011011110111011001000101
011011110110100010001110
011011110011111001000010
011011110011110111110101
011011110001101101000010
011011110000110101001001
011011110000100101100000
011011101111111011101100
011011101110000000100010
011011101101100001011011
011011101100011001000001
011011101010111110101011
011011100111101101111001
011011100110001101100100
011011100110000011010000
011011100100101010001000
011011100010111000111101
011011100010110010000111
011011100001110111001110
011011100001011100001001
011011100000000110011111
011011100000000110011110
011011011111001100100110
011011011110110110010010
011011011101111100010000
011011011100101011011011
011011011100100110001101
011011011100100101101100
011011011010111111000110
011011011000011100111010
011011010111001100110010
011011010110000001001101
011011010101111111111111
011011010101101100010100
011011010010100100101111
011011010001001101110011
011011001111100001111110
011011001111011001110001
011011001111000110001001
011011001111000011010000
011011001110000001101100
011011001101010110100111
011011001101010101101001
011011001100111001100010
011011001100011001011000
011011001100001101010000
011011001011001000100000
011011001010010110000110
011011001001111000110110
011011001001101100100101
011011001001001011111011
011011000111100011001110
011011000101010001001011
011011000100011101010011
011011000100000110100111
011011000100000100001000
011011000011111011100100
011011000011000001001110
011011000010000100111001
011011000001001011100001
011011000000101001111100
011010111111101111101010
011010111111101011011011
011010111111011001110001
011010111111000001010100
011010111110100010110101
011010111110010111001011
011010111110010110110001
011010111101111101111100
011010111101011011110011
011010111100101010111111
011010111011111100010101
011010111011101100011010
011010111011010100101001
011010111011000111100011
011010111010111101111000
011010111010100111110101
011010111001111100100011
011010111000000010000010
011010111000000001101101
011010110111111111111110
011010110111001001001011
011010110110000101111100
011010110011000001110100
011010110010001111100100
011010110001010001001011
011010110001000101101101
011010110000000101111011
011010101111011110110000
011010101100101011100010
011010101100010001100000
011010101011100110110110
011010101010011011001110
011010101010000011100010
011010101000111010001010
011010101000010000100110
011010100111110010010110
011010100110100101001000
011010100110100100010100
011010100101111010000011
011010100101100001001111
011010100101011000010101
011010100101010010111100
011010100011110100111101
011010100011101010111100
011010100001111011000011
011010100001000101000110
011010100000011111110010
011010100000010010011110
011010011101111010111000
011010011101101010101100
011010011100110111010000
011010011100000000010010
011010011011100100101010
011010011011010100101000
011010011011000100001010
011010011010000001001000
011010011001010111010011
011010011001010011011110
011010011000100111001100
011010010111110000010010
011010010111011110010110
011010010111011001111011
011010010111000001101111
011010010110110110011011
011010010101010110100011
011010010100000011001010
011010010011111100100001
011010010010000100011100
011010010001110001110110
011010010001101111001100
011010010001100110010101
011010010001001101001101
011010010000000000001000
011010001111001101011101
011010001111000111011011
011010001111000111011001
011010001110111100110000
011010001110101011101001
011010001100100010100100
011010001100011111100101
011010001100001011110110
011010001011100100110001
011010001011100000100110
011010001011000110110001
011010001010110111001010
011010001001111110011100
011010001001101001001010
011010001000111000001111
011010001000101101001101
011010000111110111000001
011010000111110010001110
011010000111001001011011
011010000101011101001010
011010000100110111011010
011010000100010010011100
011010000100010000011011
011010000100001100100100
011010000011111101001001
011010000011001001010001
011010000010100110000111
011010000010100001110111
011010000001101000001110
011010000001001110001000
011010000000110001001110
011010000000100101101110
011010000000000000101001
011001111101011111101011
011001111101011100110011
011001111101011010101100
011001111101000101101100
011001111011010010101010
011001111011000010000011
011001111010110100000111
011001111010101010111000
011001111001100110101010
011001111001000011100110
011001111000110010110011
011001111000101001100011
011001111000011100011101
011001110111101001010000
011001110111011000100011
011001110110011011011001
011001110100110010011011
011001110100011011111110
011001110100011001010100
011001110011101011110001
011001110011100001010111
011001110011010000001101
011001110011000010001100
011001110001111001011010
011001110001010011110001
011001110001001100010111
011001110000111111000001
011001110000010111100111
011001101111110111001010
011001101110111011110111
011001101110111000001001
011001101110101111100101
011001101110101110100111
011001101110100111111101
011001101110010110111101
011001101110010101111100
011001101101100000000100
011001101101011111111110
011001101101010011000001
011001101100110101011011
011001101100000110000000
011001101011101101111100
011001101011101100100010
011001101011010101110000
011001101011010000001111
011001101011000100101001
011001101010100110101101
011001101010010001011101
011001101010010000010010
011001101010000110101101
011001101001110001011011
011001101001101010010100
011001101001010000101011
011001101000011011111110
011001101000011000001111
011001100110111110110000
011001100100111001110111
011001100100100000111001
011001100100001110011000
011001100100001001110110
011001100010100010001011
011001100001100100111001
011001100001100011100110
011001100000011100001001
011001100000011000011001
011001011111010111100010
011001011110100101001010
011001011110001101010110
011001011110000111111001
011001011101100011101100
011001011101000110100100
011001011100110100101100
011001011100101110110011
011001011010111001000011
011001011010110100000001
011001011010100001000110
011001011001111110111001
011001011001100101000101
011001011000111001000101
011001011000101101100100
011001011000000110001101
011001010110010101001010
011001010011110010101100
011001010011000110101100
011001010010111011111100
011001010010011001100101
011001010001100111010111
011001010001001100011101
011001010000101111110011
011001010000001110011111
011001001111100000010000
011001001110110100110101
011001001101101000101110
011001001101010111100100
011001001101000111110100
011001001100100110100100
011001001100011110010011
011001001011100111101111
011001001010010110000010
011001001010001100111111
011001001001111001001001
011001001001100100110000
011001001001100001111011
011001001000000110001000
011001000101111011001010
011001000101101110010101
011001000101100000001100
011001000101010011011111
011001000101001000001101
011001000100110110010010
011001000011000110001100
011001000000011100011101
011001000000001010010110
011001000000000001110001
011000111111000000000101
011000111101010011000110
011000111100111111111110
011000111100101100110010
011000111011011110100010
011000111011010001101110
011000111011000011111100
011000111010111111101110
011000111010110001010010
011000111010010100010001
011000111010010010100010
011000111001111011001011
011000111001100011000101
011000111000001111000001
011000110111110101010011
011000110111100111011000
011000110111100110011101
011000110111010001011010
011000110111010000001010
011000110111001111011110
011000110101011001011111
011000110101001110101111
011000110101000010100011
011000110100111110000011
011000110100011001110111
011000110011000011011000
011000110001111000001100
011000110001101001110100
011000110001000001011000
011000110000111100011011
011000110000111100000001
011000110000110100100111
011000110000100100000101
011000110000100000101110
011000101111110110101000
011000101111110110100110
011000101111011000110011
011000101111001010110111
011000101110100110001110
011000101110010001110011
011000101100010001101110
011000101011110100100010
011000101011010011001100
011000101011000111100111
011000101010101111100000
011000101010100100011001
011000101001111001111100
011000101001011010101101
011000101000111000001011
011000101000011111101111
011000100111111110110111
011000100111110100001001
011000100111101101111011
011000100110101001000001
011000100101111101111010
011000100101000101011100
011000100011111111010111
011000100011011111101011
011000100011000101111101
011000100001111100010110
011000100001110111010111
011000100001010001011110
011000100001001110100000
011000100000100000010010
011000100000011110100111
011000100000010000101011
011000100000000100101011
011000011111111001000000
011000011110000111100001
011000011110000010001110
011000011101011000111101
011000011101010100011001
011000011011100110100110
011000011011010010011100
011000011011000101111100
011000011010001010101010
011000011001111101110001
011000011001101110000011
011000011001001001000001
011000011000101010111110
011000011000001110010000
011000010111000011011101
011000010110111010001001
011000010101001110001100
011000010100100100011101
011000010100000010101010
011000010011101111101101
011000010011000001010001
011000010010100111101111
011000010010100100110100
011000010000110101100000
011000001111110110011110
011000001111100001010001
011000001111100001000101
011000001111000011001111
011000001110011111001001
011000001110001001001101
011000001101111000000111
011000001100110100001010
011000001100001101000101
011000001011110111111100
011000001011110100000100
011000001011110000101010
011000001011101011001011
011000001011010010010101
011000001011010001111110
011000001010011101000101
011000001010010011100101
011000001010010001010011
011000001010001010110000
011000001010000110101000
011000001010000011110110
011000001001111010001101
011000001001010001110100
011000001001001001001110
011000001000101101111100
011000001000011111010111
011000000111111110101001
011000000111001001000011
011000000101111011111011
011000000101000010000111
011000000100010111010110
011000000011110101100010
011000000011100111010001
011000000011011000001111
011000000010100011010111
011000000001101100101011
011000000001101000101000
011000000001010010000100
011000000000111001000011
011000000000101100101101
011000000000011101001110
010111111111101111011110
010111111111101111000011
010111111111101110001011
010111111111010100100011
010111111110100000000001
010111111110010110011011
010111111110000000010000
010111111101110101000000
010111111011111110100010
010111111011000101110101
010111111010011011100100
010111111001101111000000
010111111001011000100100
010111111000111111010110
010111111000110001111111
010111111000010100100011
010111110110101110100111
010111110110010101110110
010111110110001101010111
010111110101100100001001
010111110100111000001100
010111110100011000011100
010111110001000100011100
010111110001000010000101
010111110000111100001000
010111110000110001100110
010111101111101001011011
010111101111001111101011
010111101111001111011111
010111101110111111111001
010111101110111110100001
010111101110010000111100
010111101110000111000011
010111101110000000111001
010111101101001111000011
010111101011111100110111
010111101011101101110101
010111101011100000010010
010111101010111011010111
010111101010011110101000
010111101010010010101001
010111101010001011101100
010111101001100111111110
010111101000101101010001
010111100111101010001100
010111100111010010111101
010111100110101100000101
010111100110011000100101
010111100110011000010011
010111100110010100010100
010111100110010000110000
010111100100101000110000
010111100011100101101011
010111100011100000010001
010111100010110010010011
010111100010100000010001
010111100010011111001011
010111100001110000010101
010111100001101000011001
010111100001000011000100
010111100000110000111110
010111100000101110111110
010111100000100000001010
010111011111100010111001
010111011111001101110000
010111011110111110000111
010111011110111100001000
010111011101101011011110
010111011101010001001111
010111011100100101101111
010111011011100001000100
010111011011011100001100
010111011011011100000110
010111011011000111010100
010111011010111011000011
010111011001100001001010
010111011001010111111010
010111011000011110101000
010111011000001010101110
010111010111101111111001
010111010110111101000110
010111010110110001101000
010111010110101000001011
010111010110100101011000
010111010101111010011100
010111010101011001011111
010111010101010101010101
010111010101010000011010
010111010101001100110011
010111010100101100010111
010111010011110000011110
010111010010011001100011
010111010010011000101000
010111010010001000111011
010111010001100011000110
010111010000000011101101
010111001111111101011100
010111001111101100000011
010111001111100110011010
010111001111100001010110
010111001111011111101011
010111001101110100111010
010111001100111101110110
010111001100110100111001
010111001100100010001110
010111001011101101010001
010111001011011100011010
010111001010100000011110
010111001010000010101001
010111001001100011011110
010111001001001111100000
010111001000000011110100
010111000111110100101010
010111000110101101110100
010111000110010110100100
010111000110010100001101
010111000110001011101010
010111000110000110001011
010111000110000110000001
010111000101111010111101
010111000101111010000000
010111000101010010110111
010111000101001100101010
010111000101000111010010
010111000100110001001110
010111000010101111001101
010111000010100010111101
010111000000111111011110
010111000000101011100100
010111000000101010001100
010111000000010100111110
010111000000001011101010
010110111111111110111000
010110111111111010010000
010110111111001101101001
010110111110111111011111
010110111110001001111000
010110111110000101100100
010110111101011100000100
010110111101010101000001
010110111101010100011010
010110111101010000011111
010110111101001100010000
010110111101001011101000
010110111101000001011001
010110111100111101111100
010110111100010111100110
010110111011110110000110
010110111001101011100001
010110111001100111111011
010110111001000111101110
010110110111001101111100
010110110111000101101000
010110110110100110011000
010110110110010110101111
010110110110010110000000
010110110110000100001100
010110110110000000001110
010110110100100011000101
010110110011111010001110
010110110010011010010110
010110110001101110010010
010110110000111101110101
010110101111001011101101
010110101110110010110001
010110101110000100110101
010110101101111001101111
010110101100111100101111
010110101100001001011101
010110101011111101100010
010110101011110101100111
010110101011110101001000
010110101011101010000011
010110101011011110100010
010110101011011101010100
010110101011011001100011
010110101010100000111100
010110101010001001000101
010110101001111011010001
010110101001100111011010
010110101000100101000010
