011111111110010110001011
011111111110010101101110
011111111110010010110101
011111111110000111100100
011111111100011101001001
011111111011110010100000
011111111011010110101110
011111111010100011100000
011111111010001101011101
011111111001111011111111
011111111000101101111000
011111110111100111100101
011111110111011000001101
011111110111001100111101
011111110101110001000011
011111110100011101100100
011111110010001000100011
011111110001100010110111
011111110000101000001010
011111101111110100100011
011111101111001000011110
011111101011100100100011
011111101001000110100111
011111100110011111111010
011111100110000111101101
011111100110000010000101
011111100011100001000011
011111100011010101010111
011111100001111111011110
011111011111100001011100
011111011111100000010000
011111011101110000111011
011111011101001100000101
011111011101000011110110
011111011011011100000001
011111011010000010001010
011111010100001110010000
011111010011111011111111
011111010011110111111110
011111010010001011111011
011111010001101001010110
011111010001101000000110
011111010000110110110111
011111001111010111001011
011111001101000110110101
011111001000000101001010
011111000111110000011000
011111000111101111101111
011111000110110001101010
011111000110001001101000
011111000101111100110001
011111000101100100000001
011111000101011101011010
011111000101000000100011
011111000100111011100110
011111000100011100110101
011111000011000100110001
011111000000001101001011
011110111111011010001011
011110111111000100100100
011110111110111111101001
011110111101001111110111
011110111100101101000011
011110111011110011100001
011110111001001000111101
011110111000011111011011
011110110111111100101111
011110110110111101001011
011110110110100101110011
011110110110011101100001
011110110100011110011111
011110110001001111110011
011110110000101111101111
011110110000001000011001
011110101111111110011101
011110101111101000000010
011110101110110001111010
011110101100001101100111
011110101011010100110001
011110101001001010101001
011110101001000111101001
011110101000101011000011
011110101000010100111001
011110100110011110001111
011110100101111111100111
011110100101110010010001
011110100101100000001001
011110100011011100110111
011110100011011010100111
011110100010000000000100
011110011111010111111011
011110011101100100101101
011110011101010011101101
011110011001110010010110
011110011001011111001100
011110011001001110000111
011110010111111000110010
011110010100101010100110
011110010100011011101011
011110010011111000111100
011110010011011111001101
011110010011010100000101
011110010001111000011000
011110010001010011101000
011110001101000100011010
011110001100101010010001
011110001011001111001101
011110001001000010011101
011110001000110000001011
011110000110101010110111
011110000110100011100110
011110000110010011000011
011110000101101000000111
011110000101000110001011
011110000100000011010101
011110000010000101001010
011110000001011110011011
011110000000101111010100
011101111111000000011100
011101111110011111101011
011101111110001100010001
011101111101011011111100
011101111100110111000010
011101111011111011111100
011101111010110101001111
011101111000000110100011
011101110111011011101000
011101110111011001011111
011101110111011000000111
011101110110011000000010
011101110100110001000011
011101110010101011110001
011101101111011100110010
011101101111001110111001
011101101101110011000101
011101101100111000110001
011101101100011000001011
011101101100010011011000
011101101011010101001010
011101101001101111010100
011101101000111101101110
011101100111111011000111
011101100111001000000100
011101100101111110111010
011101100101001001100101
011101100101000101101111
011101100100111110001000
011101100011101011100100
011101011101101100100000
011101011101010000101001
011101011100110001110111
011101011011111010100001
011101011000011001110111
011101011000001001100110
011101010100110100101111
011101010100010011011011
011101010100000101001111
011101010011100010111011
011101010011001000010000
011101010010101001101101
011101010010010000100101
011101001110100111001101
011101001110100110000101
011101001110011111000001
011101001101011100011010
011101001101001001100011
011101001011000101000100
011101001000101000111101
011101000101010000101010
011101000100110101101010
011101000001101100110111
011101000000110100000111
011101000000010111000111
011100111111111000000000
011100111111010111001001
011100111110111000100110
011100111110010111101011
011100111100011010101001
011100111100010110010001
011100111011110010000001
011100111010111011001011
011100110111111101101111
011100110110011001110110
011100110101101110011110
011100110101011111011000
011100110100111011100111
011100110010100011111011
011100110010011010001101
011100110000101011001000
011100101111100010111010
011100101111000100110111
011100101100100100000001
011100101100010100011010
011100101100001110001101
011100101011101101110010
011100101011000011010101
011100101001001001001011
011100100111000011110100
011100100110010000010010
011100100110001000011001
011100100011110001111101
011100100011000100111111
011100100010011010010101
011100100001110110100011
011100011110100110100010
011100011110010010101010
011100011101111110100000
011100011101101011001001
011100011101100001101000
011100011101001001100111
011100011100111100110101
011100011011110001101011
011100011011000101000110
011100011011000100000111
011100011000010110001100
011100010110011011011011
011100010101111010010111
011100010101111001101011
011100010100010101011101
011100010100000011010001
011100010011001111010001
011100010010110110001011
011100010010101111101011
011100010010010000101011
011100010000111100101011
011100001111000001101111
011100001110101101010010
011100001011010000010111
011100001001110001111001
011100001001101000000011
011100001001000110001111
011100000111100110001001
011100000110000100111011
011100000011110100100101
011100000010100010011011
011100000010010111010011
011100000010001101010001
011100000001101111110001
011100000000101111001111
011011111110011011001111
011011111101101010000101
011011111011100011111000
011011111011011111000001
011011111011000100110001
011011111010111101011010
011011111010101100101111
011011111010011010000011
011011111001100110110011
011011111001010001111000
011011111001000011100000
011011111000100111011111
011011111000100001010100
011011111000010100111111
011011111000000110000001
011011110101000010101000
011011110010101011110001
011011110010011101010110
011011110010001111011110
011011110001100001110000
011011110001010000111111
011011110001001111000011
011011101111010101011111
011011101111001000011101
011011101110110100001001
011011101110100001101111
011011101101111010010010
011011101101101111011001
011011101101101000100011
011011101101100101101100
011011101010110001011101
011011101010010101000010
011011101001111111111001
011011101001101111110101
011011101000110111110110
011011101000001101011101
011011100111111101111101
011011100111101000110101
011011100111100011011100
011011100111100011001100
011011100111010000111101
011011100100001100000101
011011100100000000010001
011011100011101101000001
011011100011001110110010
011011100001111111110000
011011100001111101100100
011011100000011010010111
011011011111001111111011
011011011110011100100110
011011011101011110001010
011011011101000100111000
011011011100111110101111
011011011100010111010110
011011011010010111111101
011011011010001011011011
011011011001111010100100
011011011001010111011001
011011011000111111111110
011011011000111110011101
011011011000101111011011
011011011000011011101000
011011011000001100100110
011011010111110011111110
011011010111101111101000
011011010111000011111011
011011010110110011110111
011011010110101011000101
011011010110001000011100
011011010011101000111111
011011010011001100101000
011011010011001001100011
011011010010100001011011
011011010001000011110011
011011010000100100001100
011011001111100001100101
011011001111011100001000
011011001111010010000011
011011001111000000010110
011011001101111111011011
011011001101000000011000
011011001011000001000010
011011001010001010011011
011011001001110101101101
011011001000010010001101
011011001000010010001000
011011000111011110111101
011011000111011011111100
011011000110111111001011
011011000110010101101100
011011000101111110011001
011011000101001010110010
011011000101000011110001
011011000100100000011001
011011000100011100000011
011011000011101110111001
011011000011011111011111
011011000011010100110111
011011000010100111110110
011011000010001001100001
011011000000011111000001
011011000000000111101011
011010111111111100001111
011010111111110011100111
011010111111001001100111
011010111110010111100100
011010111110001011100011
011010111101110110011011
011010111011110011011010
011010111011011110001000
011010111011001001001000
011010111010010101110001
011010111001010111010100
011010111001010100100001
011010111000101110000111
011010111000011110111111
011010110111010101000100
011010110110010111111111
011010110101011111011001
011010110101001111000001
011010110101000101001101
011010110100110000001101
011010110100100010001111
011010110011100100111111
011010110010100111001111
011010110010100100111101
011010110001111100000001
011010110000111011011000
011010110000010110001101
011010101111101011011111
011010101111000010111111
011010101110001000111011
011010101101111101000010
011010101101011010110010
011010101100111100110101
011010101100010110101111
011010101011111100001001
011010101011111010110011
011010101011111000100101
011010101011100001000111
011010101011011000010101
011010101011010000111111
011010101010001111110101
011010101000011110101110
011010100100110101011011
011010100100100110011100
011010100010110110011010
011010100010101111001111
011010100000110111001101
011010100000110011000110
011010100000011011010000
011010011110110111010001
011010011110110110011101
011010011101110110010101
011010011101101000001101
011010011101011101011011
011010011101000000011010
011010011100100011010011
011010011100000101011100
011010011011010100001110
011010011010111100100111
011010011000010101111101
011010010111101000101010
011010010111010101011111
011010010111001011101010
011010010110110010111001
011010010110101010000010
011010010110010111111000
011010010110010010010110
011010010101110111001110
011010010101101010111010
011010010101011011100000
011010010100100110100111
011010010100100010100101
011010010100001110100100
011010010100001001111001
011010010100001001101011
011010010011110011010000
011010010011001101100111
011010010011000100011010
011010010010110100101101
011010010010011011010111
011010010010000110010001
011010010001111100001101
011010010001110100010000
011010010000111100110001
011010010000000100101001
011010010000000011011001
011010001111110011001001
011010001110100111000110
011010001101100101101001
011010001010011011001101
011010001010011000010001
011010001010000101111100
011010000111010111100000
011010000110101000100111
011010000110011000001011
011010000110001100111000
011010000101101101111001
011010000101001001111001
011010000100101010100110
011010000011110111111111
011010000010010110001100
011010000010000011001111
011010000001111111000111
011010000001011000011001
011010000000111000011101
011010000000001000000010
011010000000000010101011
011001111111100111110011
011001111110111111101010
011001111110111000110111
011001111101000101010010
011001111100111111001100
011001111100110111001110
011001111011000111100001
011001111010111111110001
011001111010001110101001
011001111010001010001000
011001111001110100111010
011001111000011100001110
011001110111111000000010
011001110111010010011100
011001110110100111000001
011001110110011110011110
011001110101010101000111
011001110100011101111010
011001110100010010101111
011001110011111101011011
011001110011110011000110
011001110011110000110001
011001110011010000101111
011001110010100010001000
011001110010100001001100
011001110010010011111111
011001110010010010110011
011001110001101000110001
011001110000101111010110
011001110000101010110110
011001110000101010011110
011001110000010011100100
011001110000001111011010
011001101110110010001100
011001101110011011110100
011001101110011000110010
011001101110010010101011
011001101100100100010110
011001101100001111100000
011001101100001110010111
011001101100000110101111
011001101010010110110010
011001101010001100000101
011001101001110011000110
011001101001110000000000
011001101001000010100101
011001101000000000111010
011001100111011001010100
011001100110101111011011
011001100110101010001101
011001100110100111011111
011001100100010011000000
011001100100000101011001
011001100011100001001100
011001100011100000000101
011001100011011111101101
011001100010010100111010
011001100001001111001011
011001100000110111011011
011001100000011010100110
011001100000000000011011
011001011111111110111010
011001011111101110000111
011001011111010000010101
011001011111000001011100
011001011110100101110001
011001011101101111010101
011001011101100000001001
011001011101011110111010
011001011101011001010001
011001011100110110011100
011001011100101100001010
011001011011011011010011
011001011001101101000100
011001011001011110000100
011001011000010100111010
011001011000000110000010
011001010111111100011001
011001010111111000000101
011001010111000100010011
011001010101000001111010
011001010100101010001011
011001010100000100010111
011001010011010011011111
011001010001101100100011
011001010000111110101010
011001010000101011101111
011001010000010010101110
011001001111111100100001
011001001111010110110000
011001001111001010101100
011001001110110011100001
011001001110101100001100
011001001110010110111000
011001001101101111000000
011001001101010110001001
011001001100100111001000
011001001100001110110001
011001001011101110001110
011001001010111110000000
011001001010110011000101
011001001010001101110001
011001001001000110101101
011001001000101100000111
011001001000001101110010
011001000111111110100011
011001000111010111010100
011001000110010110000110
011001000101110010110001
011001000101101010100011
011001000101100100010011
011001000101000011010001
011001000100100100010011
011001000100010001101000
011001000011011111010101
011001000011001000101001
011001000011000001011100
011001000001111010011100
011001000001000010010001
011001000000111100000001
011001000000110000111010
011000111110110011000011
011000111110011101001010
011000111101101101110001
011000111101100100111001
011000111101100001101101
011000111101010010101100
011000111101000001101100
011000111100100100111101
011000111100010100101001
011000111100001001000100
011000111011010101101011
011000111010101101011010
011000111010011001100111
011000111001111011101010
011000111001111011000100
011000111001011010101111
011000111000101100111001
011000111000000100010101
011000110111111110111100
011000110110100111000010
011000110101011111010101
011000110101011010100011
011000110100010111100101
011000110100000101110001
011000110011110011111010
011000110010111011110100
011000110010011111101001
011000110010010001010010
011000110001101101001100
011000110000101011100011
011000110000000011101111
011000101111011001101011
011000101111000000011111
011000101110010000101101
011000101101111010011110
011000101101001000101111
011000101100010011101000
011000101100010001110110
011000101010010011111100
011000101010000011001110
011000101001110111011001
011000101001110110100011
011000101001010010110010
011000101001001010110011
011000101000100010000001
011000100111010011000000
011000100111000101101010
011000100110110010010011
011000100101100010011001
011000100101100001101101
011000100101011000010011
011000100100101111110011
011000100011110001010110
011000100011011101011011
011000100011001001000111
011000100010100101100111
011000100010010001101000
011000100010001011000000
011000100001111101101011
011000100001011101011111
011000100001001101010111
011000100001001000101100
011000100000001110101110
011000011111111100011111
011000011111101100011011
011000011110010100111011
011000011100111110110111
011000011100010111011001
011000011011101111100111
011000011011001001100110
011000011010000001101000
011000011001101011101101
011000011001100110110001
011000011001010001111010
011000011000011111011110
011000011000010111000011
011000010111100010110011
011000010110010011101010
011000010110001111011011
011000010110001001110001
011000010100000101101011
011000010011110100111011
011000010011011110010111
011000010010101101001000
011000010010101011110110
011000010010011110011011
011000010010000110100000
011000010001111101010011
011000010001011100010100
011000010001011010111001
011000010001000111001110
011000010000101111100001
011000010000100110001000
011000010000100001111101
011000010000010000110001
011000010000010000101001
011000001111111111000001
011000001111101111010000
011000001111011010000011
011000001110111000011001
011000001110000001001100
011000001101000001100001
011000001011010000010110
011000001010010011110001
011000001000111001011101
011000001000010111011110
011000000111100011100011
011000000110110110011100
011000000110010100010000
011000000100111100010101
011000000011111010011111
011000000011101101111110
011000000001110101110111
011000000000111110011000
011000000000100111110011
011000000000010101110011
010111111111000111000100
010111111110010101110001
010111111101110001111001
010111111101110000110100
010111111101001110011110
010111111101001110010000
010111111100100001111111
010111111100010001001000
010111111011001000001110
010111111011000001100001
010111111011000000111100
010111111010000100110000
010111111001011001101101
010111111001000101110011
010111110111100100111101
010111110111000011110100
010111110110000110010000
010111110101101001010000
010111110101100000010101
010111110101000001000111
010111110100111001011110
010111110100100000101011
010111110100010100010111
010111110011100111101001
010111110011011000011001
010111110010101101111111
010111110010000000000111
010111110001001101000101
010111110000111001001011
010111101111110111111110
010111101111101000110100
010111101111011110100010
010111101101010111010111
010111101101001101100101
010111101100111111001101
010111101100111000111111
010111101011110001000110
010111101011110000100010
010111101011011110000100
010111101010110011001001
010111101010100011011001
010111101010100011000100
010111101010010011010000
010111101001110010001001
010111100111110100001101
010111100111100011011100
010111100111010010000000
010111100111001110011010
010111100111000110001011
010111100111000000110010
010111100110111110111011
010111100110011101111100
010111100110000111101010
010111100110000110011110
010111100101110000011000
010111100100111111100001
010111100100110111001111
010111100011111011111001
010111100011111001001011
010111100011100010111110
010111100011100001101101
010111100011010110010001
010111100010110011100110
010111100010101010010010
010111100010100111011101
010111100010000111010011
010111100001100011011000
010111011111101110001000
010111011111010010011010
010111011110011001100001
010111011011111000010111
010111011011100101101000
010111011011011011111001
010111011001110011101011
010111011001000110100100
010111010111011000110000
010111010111000011100100
010111010111000001011110
010111010110010110010001
010111010100000011100110
010111010100000001011101
010111010011101000010110
010111010011100110010000
010111010011011101101111
010111001111011111101100
010111001111010111011100
010111001111010110101100
010111001111001010100000
010111001110011001011010
010111001110001100010111
010111001110000111001110
010111001101101011000001
010111001101001011111011
010111001100101000101000
010111001100100001101011
010111001100011100010100
010111001011110000100101
010111001011100110110011
010111001011010010010101
010111001010011101000111
010111001001101010000111
010111001001000110010001
010111001000110010110010
010111001000101101101100
010111000111101001110111
010111000111011100001011
010111000111010101110101
010111000111000010110011
010111000110111111100110
010111000110111100001011
010111000110100010100001
010111000110011001111010
010111000110010110010100
010111000110001010011110
010111000101001001011101
010111000100111101110010
010111000100010111001010
010111000011111100101100
010111000011110101000011
010111000011010100000011
010111000011001011010011
010111000001111111111010
010111000000010110010001
010111000000000110111001
010110111111111101111110
010110111111000000110001
010110111110111111010011
010110111110010001001011
010110111101101001000100
010110111100011000111011
010110111100010110010110
010110111100000000110001
010110111011111000011000
010110111011101110100110
010110111011100100100000
010110111011010110001101
010110111011001101010001
010110111010011001111000
010110111000100101110011
010110111000011111101001
010110110111111011111101
010110110111100000010110
010110110111010000010111
010110110110100101001101
010110110110010000111011
010110110110001100100010
010110110100111110101001
010110110100100010111010
010110110011101100100101
010110110011100011001111
010110110011010000100000
010110110010111101010100
010110110010101110000011
010110110010000101010011
010110110010000001001111
010110110010000000100101
010110110000110001011011
010110110000011011011001
010110110000001100010011
010110101111101010100110
010110101111011001000011
010110101111001111110111
010110101110111110010111
010110101110011110101001
010110101101001110001101
010110101011011111101011
010110101010110011001101
010110101010001101100000
010110101001111001001100
010110101001110111100011
010110101001110110100011
010110101001010010111101
010110101001000111001101
010110101000111111010000
010110101000101101111111
010110101000010111010011
