011111111111011000110010
011111111110110000111000
011111111011110101010111
011111111010011010100100
011111111010010000100100
011111111001000110010100
011111110100010011101101
011111110010101010001010
011111110001011100000100
011111110001010010001010
011111101011000000100110
011111101000111110010011
011111100101100110100101
011111100000010010111101
011111011111111010110101
011111011111111010011001
011111011110010011110110
011111011101010111010101
011111010110011101000101
011111010101101111101010
011111010001010110110110
011111001111110101011011
011111001101110010010010
011111001001111010011010
011111001001000010100010
011111001000010100100011
011111001000000110111010
011111000100110110000100
011111000010010101111111
011111000010000001110110
011111000001101010000001
011111000001011000011111
011110111110111011010100
011110111010011001101101
011110110011110110101101
011110110011110010010000
011110110010100110110000
011110101111110001000101
011110101000101000001111
011110101000001010010111
011110100110110111010010
011110100110011100010110
011110100110000100001111
011110100101111100001110
011110011110000000000110
011110011001111010111111
011110011001010000100010
011110010111111000001100
011110010011111101111110
011110010010101110011110
011110001110010100001010
011110001100000111111011
011110001001110101100110
011110001000011000000001
011110000010110101110110
011110000001101111001000
011101111100100100111011
011101111010111000110001
011101111010101101110110
011101111010000110001000
011101111001101100100111
011101111001101011111000
011101111000111000100000
011101111000110100000101
011101110101111110100101
011101110101100001110011
011101110101001000111000
011101110011100010110001
011101101010001010110011
011101101001010010011011
011101100010001001111010
011101100000101110110001
011101100000101000100000
011101011111000111011110
011101011110011100111010
011101011101100010100010
011101011101001101011101
011101011010000010000000
011101011001000001100100
011101010101001101101111
011101010100111010001010
011101010001111101110100
011101010001011101111011
011101010001011011001000
011101010001001001010101
011101010000110110001101
011101010000110011010110
011101010000000101000000
011101001111110101011000
011101001101000111110111
011101001010110000100111
011101000001000001000001
011101000000110000111010
011100111110100000100010
011100110110000000100001
011100110101011011100001
011100110011010000011001
011100110010001010110111
011100110010000111100110
011100110000111000011101
011100110000100110110101
011100101010001010000100
011100100111010101100011
011100100000101111000111
011100011101101101100110
011100011010011001001101
011100010010100110101010
011100010000111001111111
011100001101110010010001
011100001101000010000011
011100001000111001011111
011100000101011011101001
011100000100101000001011
011100000100000101111100
011100000100000011110101
011100000011010100000011
011100000010100010010101
011100000010011101001000
011100000010001100110101
011011111110011001000001
011011111100110010011100
011011111011110111000100
011011111010100001110101
011011110110000101010111
011011110011101111000101
011011110011101110110011
011011110000101000010000
011011101111011111000111
011011101001010111011101
011011101001000110111101
011011100111101110011000
011011100100110100110000
011011100001111101011101
011011011110011011101101
011011011010101001111011
011011011001000100101000
011011010011111001111010
011011010000110101100100
011011001110101101100110
011011001101010110110001
011011001001000011110100
011011000111111000100011
011011000000010001000101
011010111111100101001000
011010111110110100010000
011010111011110010111101
011010110111011010110110
011010110111001110011101
011010110100010000110100
011010110000000001011010
011010101101001100011001
011010101100000011110100
011010101010101011101011
011010101010011001001101
011010101001111110011011
011010100111010011111010
011010100101001110100010
011010100001111111000111
011010100000101000001100
011010011100111100101011
011010011100100010010101
011010011100010101110111
011010011100010001110111
011010011011110010011010
011010010011010100010110
011010010001010110100000
011010001100000111001101
011010001001111010011001
011010001000011010000110
011010000001110011010001
011010000000001101010011
011001111111111010100000
011001111111000110101101
011001111110111101111011
011001111101101101100101
011001111010011010110010
011001111010010011110010
011001110111110100101010
011001110111011100101000
011001110111011010111100
011001110101000011010101
011001110100011010111100
011001110001101000001100
011001110001011000110101
011001110000100000111001
011001101111101010011001
011001101111011000101101
011001101100111111001011
011001101011110110010111
011001101001000010100110
011001101000100100001011
011001100110011110011110
011001100101100101110000
011001100011010111100110
011001100000000101011111
011001011111000101010000
011001011100100111110110
011001011001101010011101
011001011001001100110111
011001010110111001110111
011001010110100111011100
011001010101101011010101
011001010011001000111010
011001010010111011110011
011001010001111100001000
011001010000101011110110
011001001101011111101011
011001001101010010110000
011001001011000101001110
011001000110101100101001
011001000100111100100011
011001000011001101001000
011001000011000101000010
011000111111011111110000
011000111101001111010100
011000111101000000111101
011000111001110101111101
011000111001100100011000
011000111000010000101000
011000110111110101101010
011000110111001111100001
011000110110010010010000
011000110110000001010100
011000110100011100110001
011000110010101101110001
011000101101001101010100
011000101001111010001110
011000101001100001010000
011000101001011011011000
011000100101011011011101
011000011110100111000001
011000011101110100110101
011000011101001011000010
011000011011011111000001
011000010110110110110111
011000010101111111000111
011000010101101111001111
011000010011111010100100
011000010010001000110000
011000010001110011000010
011000001110100110111101
011000001110011000001000
011000001110001000100101
011000001101111110001111
011000001101110100011100
011000001101110000111111
011000001101101000000000
011000000110101011010011
011000000101010010100101
011000000100110010011110
011000000011111001110100
011000000011101100101000
011000000011010000001001
011000000010110001011110
011000000010000100001110
010111111110111011000111
010111111110001001011110
010111111101110000101101
010111111001100011010100
010111111000111111100100
010111111000001001011001
010111110111111100000000
010111110111110101111110
010111110100100100001100
010111110100100011100111
010111110001100101010110
010111110000110100011011
010111101011001110101100
010111101011000010101101
010111101001110111000000
010111101001001001111100
010111101000001101111111
010111100101110101010000
010111100101001011001001
010111100011001110010010
010111100010100100000010
010111011110010100000000
010111011110000111100101
010111011011101110001001
010111011011100000000101
010111011010110010000100
010111011010000011111111
010111011001100000111110
010111011000110101000010
010111010111110010100001
010111010111011110110010
010111010110000100010001
010111010101101111000110
010111010011111111001110
010111010011111010011001
010111010010111100011111
010111010010011011001101
010111010000111110101011
010111001111000110111101
010111001111000010101101
010111001110101000000011
010111001101110011111100
010111001101011011101111
010111001011100011001011
010111001010000101110110
010111001001101101001110
010111001000111111101001
010111001000101000011111
010111000110110011010011
010111000110101110101010
010111000110000111100001
010111000101111000000111
010111000011111010010001
010111000010100001011001
010111000001000110111010
010111000000000111111001
010110111111110010010000
010110111101001011100100
010110111100010111001001
010110111100010001111110
010110111011101101001101
010110111011010001001001
010110111010011110111101
010110111010011011110000
010110111001110100000100
010110111001011000001000
010110111000100110111010
010110111000100011111000
010110110110010010101111
010110110110010010001110
010110110101110110100101
010110110011011110100110
010110110010011110000000
010110110001001001111100
010110110000000011100011
010110101100111110101000
010110101011100010101001
010110101010100010101110
010110101000101010111000
010110100100100110111101
010110100100011110111101
010110100100001010000000
010110100010100001100011
010110100010001001011011
010110100000001001011111
010110011110011100010110
010110011110001100101111
010110011101101111011010
010110011100110001000101
010110010111101011011010
010110010111000010101011
010110010110011111000110
010110010110011010000011
010110010101111101110011
010110010011000101100110
010110010010111100100110
010110010010000010111100
010110010000101110110100
010110010000010010001011
010110001110100111000010
010110001110100000111000
010110001110010101011110
010110001101000101010011
010110001011110110110101
010110001010000010110110
010110001000011110010110
010110000110101100101100
010110000110101010111111
010110000101000100000110
010110000010000110101100
010101111101101000001000
010101111101010110001101
010101111000111001100001
010101111000000000010011
010101110101001011001001
010101110100101100100001
010101110100010101100011
010101110011111010011011
010101110011101110001100
010101110011000001110000
010101110010010100010001
010101110010001100011010
010101110010001000100100
010101110001000110001000
010101110000011100100010
010101101110011001110100
010101101110000010000101
010101101001010110110000
010101101000011000001011
010101100101111011111111
010101100101100000000011
010101100001101111001100
010101100001001011111111
010101011111111001001011
010101011110101110101110
010101011110001000010011
010101011100111011100100
010101011100110100110000
010101011100011110000000
010101011100010011000100
010101011011111010111110
010101011010110111000110
010101011001111100010000
010101011000001111010111
010101011000001011111000
010101010111110100010110
010101010111100100010010
010101010111011010001001
010101010111000001001111
010101010101111010010110
010101010011101010010000
010101010001010000111001
010101010000110010110010
010101001111010100010000
010101001111001111001011
010101001101010000001101
010101001100100101010001
010101001100100010101000
010101001010011110101100
010101001010010100010111
010101001001000101011010
010101000110000011010000
010101000100110111110101
010101000100110111101100
010101000100100101100110
010101000010101000110100
010101000010101000000111
010101000010000011010000
010101000001110001011101
010100111111010110110100
010100111111010010011001
010100111111000001100000
010100111110001111011110
010100111101100001110001
010100111101011001001001
010100111011010010110100
010100111010110110110111
010100111000100111101011
010100111000001101100011
010100110110101100100000
010100110110010011010100
010100110100110101011111
010100110010101111111100
010100110010101110111100
010100110001110000101100
010100110001100010001011
010100101111010111110000
010100101101001000111000
010100101011001001101111
010100101010010011001101
010100101001100011100010
010100101000001111110101
010100100101111011110010
010100100101101100011001
010100100100101001111011
010100100010100100111101
010100011111001011111010
010100011010011010000001
010100011000110110111100
010100011000010010001100
010100010111011001101000
010100010111010000101100
010100010111000101010010
010100010100111110110101
010100010100110101000111
010100010011110101011000
010100010011011101000100
010100010010110110000011
010100010010011000101010
010100001111101001011100
010100001111100111011110
010100001110101110000101
010100001110001110001110
010100001011101101001111
010100001010110100110110
010100001010000101011010
010100001000110110101001
010100001000100011101111
010100000111101111011111
010100000111000100111110
010100000101111110110001
010100000101111001111111
010100000101011111101110
010100000101000111101101
010100000101000011101101
010100000011111101101001
010100000011001010000100
010100000001100111000011
010100000000111011010010
010100000000101101001011
010011111111110000001100
010011111111000110101110
010011111110101111000110
010011111101111111001000
010011111101101000101000
010011111101000011000101
010011111100111010100110
010011111010110110101100
010011111001101001101001
010011111000000010101111
010011110111011001011001
010011110110101110100110
010011110101110101010001
010011110101000101011000
010011110010111001111001
010011110010001100100011
010011110001101110011101
010011101110010010011101
010011101110001110110110
010011101101011101011111
010011101101000111111111
010011101100101100111011
010011101100000011011111
010011101100000001101011
010011101011011000101010
010011101011010111011110
010011101011000000100101
010011101001010100110110
010011101001000101101101
010011101000110000000101
010011101000001100100110
010011100110111111001011
010011100101110111010010
010011100100001110000100
010011100011001010101100
010011100010111100011001
010011100010111011010110
010011100010010110000000
010011100001111001100110
010011100001001110000101
010011100000101110110110
010011100000001000100001
010011011111001101010010
010011011110011010010100
010011011101010101000010
010011011101010100101010
010011011011000000010101
010011011001001000010100
010011011000010110001001
010011010110000100010011
010011010101100100110101
010011010101001010001001
010011010101000101001011
010011010100111101010110
010011010100001001000100
010011010100000100000110
010011010010111111110100
010011010001100100110010
010011010001011010101110
010011010001000001000110
010011001111011010000010
010011001110110110110010
010011001101011111001000
010011001101011010011000
010011001100010111000001
010011001100001101110011
010011001000110011110100
010011000111110011110000
010011000110011100101010
010011000110010010111010
010011000110001100100111
010011000011100110010001
010011000001111011010101
010011000000111000001111
010010111111000110110101
010010111110011100001100
010010111010100110100011
010010111010010111011000
010010111000010010110101
010010110111111000010100
010010110111101000100111
010010110111100001110001
010010110111001100110000
010010110110101000110110
010010110110011000000011
010010110101110000110111
010010110100010000000000
010010110011111001011011
010010110011010100110111
010010110011010001111110
010010110010100011011001
010010110001110111110001
010010110001101100000110
010010110000111101100000
010010110000110000011010
010010101111110000111001
010010101111011101110100
010010101100101001100101
010010101100010101110101
010010101011111010100011
010010100110110010011010
010010100101100111001011
010010100101000101110001
010010100100101011010010
010010100011101001000110
010010100011100101010010
010010100011000100100100
010010100000001011110010
010010011111110111001010
010010011111011110100110
010010011011110000101101
010010011011011010110010
010010011010111001111111
010010011010010000110110
010010011001111110111010
010010011001101001001011
010010011000110010001010
010010011000100001111010
010010010111011111100010
010010010111000000111010
010010010110011011100011
010010010101110010010100
010010010101000000100100
010010010100000110011100
010010010011010011101000
010010010011000010111000
010010001111101011101011
010010001100110011100010
010010001100110010011110
010010001100010010111011
010010001011111110000010
010010001010111001011001
010010001010010111101000
010010001000110001001111
010010000110000101101100
010010000101101110011011
010010000100111111000011
010010000100010110101000
010010000010100110100111
010010000010100101110010
010010000010100011011100
010001111111111110100000
010001111111100000101101
010001111111011011010101
010001111111001110001100
010001111100110110110010
010001111010101011101001
010001111010001010111101
010001111001110110001101
010001111001010011101011
010001111000100110000110
010001111000011001111110
010001111000010110001100
010001111000001100110110
010001111000001011110000
010001110111110011100101
010001110110110000001110
010001110110101010111110
010001110110100101010111
010001110101101010010000
010001110101100000110011
010001110100011001100110
010001110100000011000010
010001110011100100100100
010001110011011110010001
010001110010111000110011
010001110010000001000110
010001110000111010010111
010001101111011000001011
010001101110011001011111
010001101110011000111010
010001101101101001011101
010001101101011101100111
010001101100011111010100
010001101011100011110100
010001101011001101001000
010001100111101000010100
010001100110111111110000
010001100110111101111110
010001100110111000110100
010001100110101111101110
010001100110010111000111
010001100101110011101010
010001100101001001110100
010001100011111000001101
010001100011110010100100
010001100011011000001100
010001100010010100011111
010001100001110110111111
010001100001001100010001
010001100000110111110011
010001100000110010110011
010001011111110101100111
010001011111001100110110
010001011110001101010001
010001011100001001001100
010001011011110111101000
010001011001110110000011
010001011001000100011111
010001011001000100000000
010001011000011100110011
010001010111100010111011
010001010110010011110000
010001010101111110011011
010001010101001100110011
010001010101001100011101
010001010101000000101001
010001010011111000110101
010001010010001000000010
010001010001000100100001
010001010000111000101000
010001010000100110100100
010001010000010011011101
010001010000000000100011
010001001111011011110000
010001001110111011010001
010001001101101000010010
010001001100011011111011
010001001100001001110110
010001001011100000011000
010001001010100001101010
010001001010011010000110
010001001010010100111101
010001001001111010001011
010001001000110100111111
010001001000010001011000
010001000111010000111101
010001000110101010010100
010001000110100011101010
010001000101110010001111
010001000100011111001010
010001000011101001101011
010001000011001100100110
010001000010111110110000
010001000010010110001001
010001000001011110111001
010001000000101110111111
010000111111011010101110
010000111100111010000001
010000111100101010100000
010000111100100000001000
010000111100001000110110
010000111100000110011010
010000111001101110010110
010000111000100000100111
010000110110001011101110
010000110010001101010001
010000110000101100000001
010000101111110011011010
010000101110001111100100
010000101110001101101001
010000101101011110110010
010000101101011001111000
010000101101010100010111
010000101101000111100010
010000101100111000001000
010000101100011000100111
010000101011111111101000
010000101011111110110001
010000101011111100011001
010000101011100010101011
010000101010110001000000
010000101010010111110011
010000101010000110100100
010000101001011011010010
010000101001001010110011
010000101001001010011011
010000100111110111001101
010000100101011010100010
010000100101010000101101
010000100100110010001001
010000100100101101010011
010000100100011010110111
010000100100001110000000
010000100011001100010011
010000100010011000111010
010000100001010011110000
010000100001000011100011
010000100000110001010110
010000100000110001001011
010000100000001000001010
010000011111111110010000
010000011111110011110100
010000011111101011000000
010000011110001101101011
010000011110000100110010
010000011100101100011000
010000011100101001011000
010000011100011010000101
010000011100010100111010
010000011011001011001001
010000011010101100001100
010000011010010110110011
010000011010001111010011
010000011001000100111000
010000011000000101011001
010000010110111111100100
010000010110111001100101
010000010110110011100011
010000010110101110001111
010000010110011010000100
010000010101000011011101
010000010011000110010001
010000010010101011000010
010000010001100011011111
010000010001000110100001
010000010001000110001100
010000010000100001101111
010000010000000010101110
010000001110111111011001
010000001110010101010101
010000001110001100000100
010000001101110001110000
010000001101100101110110
010000001100100111010011
010000001100001111010111
010000001011110110011110
010000001011100111000011
010000001011010101110011
010000001001110111110001
010000001001010111111010
010000001000010111010011
010000000111011101000011
010000000111001110011010
010000000100111010010000
010000000011110111100111
010000000011011000001100
010000000001111010110100
010000000001010001001010
