011111111110010111110100
011111111010010100001011
011111111010001111111100
011111111000110011000000
011111110111111110110101
011111110100011101100101
011111110011101100110111
011111110010100010000111
011111110010011011010101
011111101110100001011010
011111101101011011000101
011111101100000101101001
011111101011110001111000
011111101011011011011111
011111101010000111001001
011111101000001001110111
011111100111000001011111
011111100101000011010110
011111100100100011111000
011111100010000000010101
011111011110100001011000
011111011110011000011000
011111011100111001000010
011111011011000101100011
011111011010010000110101
011111010111101001110111
011111010101101000111011
011111010011101110110010
011111000010011111101101
011111000001010111010100
011110111111110011001100
011110111100001100000001
011110111011100111010010
011110111010110001111010
011110111000010110110100
011110110110101010100000
011110110011010011011111
011110110011000000111011
011110110000100001100001
011110110000011110001011
011110101010010111100001
011110101001111100111101
011110101000001100111001
011110100111010000100111
011110100101110001000010
011110100101001110110000
011110100010010001111001
011110100001001010010001
011110100000010000010100
011110011010100111100001
011110010101000011001010
011110010100100011010110
011110010011101001100101
011110010011011110111101
011110010000110011010001
011110001100110001001101
011110001011100111000011
011110001010000101000100
011110000111110100000100
011110000111001001010011
011110000101111001110001
011110000100010011111111
011110000010111111001100
011101111110001001000111
011101111010001100010010
011101111010000100001111
011101111001111000111000
011101110101111101010111
011101110100100111100100
011101110010011100111110
011101110001011110000001
011101110001001111011000
011101101111011010101110
011101101110010101111010
011101101101011100101101
011101101011110111010000
011101101011010110101010
011101101010101001111110
011101101010100100100011
011101101001110011010101
011101101000111000111101
011101100011101100001101
011101100011011001101110
011101100010101111000110
011101100010001000111001
011101100001111001011101
011101011100101010011011
011101010101110010100100
011101010011001110100001
011101010001101100100011
011101001111110001001111
011101001000011001100000
011101000101111101101111
011101000101111011111100
011101000010101000000101
011100111110111011000100
011100111110001000001000
011100111110000010001101
011100111100100000110100
011100111011010101111111
011100111010100110100001
011100111010010111111011
011100111001111001110101
011100110111011110001101
011100110101110101100010
011100110101101110111111
011100110100001010011001
011100110010000001010101
011100101111010111000111
011100101111000101000000
011100100111110100100111
011100100110110011101110
011100100101100000110011
011100100101001100110101
011100100011011001001100
011100100010101001001011
011100100010100001101110
011100100010011000111100
011100100000110110100011
011100011010001100110011
011100010110111010100110
011100010110000100001001
011100010100101001011000
011100010011101011001000
011100010010101001111010
011100010010001111001110
011100001011011111110000
011100001011001100011101
011011111110010100110001
011011111101011110010101
011011111001110110100110
011011111001010111010001
011011111000011111111011
011011110110100010000101
011011110101011010011001
011011110100100100010000
011011110010100000111111
011011110010010001010010
011011101110001010100011
011011101101100110010110
011011101100000010011100
011011101001011111101101
011011100111101110101011
011011100110101010110000
011011100101010100101010
011011100010110011000101
011011100000001110101100
011011011101100010101101
011011011010001001101011
011011011001000001110111
011011011001000001110001
011011010110010000001011
011011010100111111010000
011011010011010101101101
011011010010000101010000
011011010001111000101010
011011010000111010000110
011011010000011001110101
011011010000010010011001
011011001100110001111011
011011001011000000000101
011011001010100101100001
011011000111011101100001
011011000101110100010111
011011000100101111010101
011011000001101000000001
011011000001011110001111
011010111111011110100110
011010111111001110010001
011010111110110110000001
011010111110011000110011
011010111100101010010000
011010111010110111110010
011010111001101110110101
011010110111100000110001
011010110100100000100010
011010101110011010001011
011010101100111111110011
011010101001110000001110
011010100011010010100000
011010100001001001000011
011010011111010001101100
011010011101000000011100
011010011100000011101101
011010011011101011001110
011010011011001000110011
011010011001110011010000
011010010101111100111101
011010010101001101101001
011010010011000011011100
011010010010000100000010
011010010001101010111100
011010010001001110001111
011010010000101011100001
011010010000001010000110
011010001110100011000011
011010001110001111100101
011010001101101111110111
011010001100111001110010
011010001100100111100000
011010001010101111011000
011010001001001011110001
011010001000010111110001
011010000111011111010001
011010000111011110011100
011010000101001100101111
011010000100110100110111
011010000001011000111100
011010000000100011110011
011001111111011101111101
011001111001101101100101
011001110010111111001000
011001101111101010011011
011001101101110010111011
011001101001100101110101
011001101001011010100100
011001100111100110001101
011001100110011101110111
011001100100110010110001
011001100010111110111011
011001100001100011001011
011001100001000101001000
011001011110100111001101
011001011110010010111001
011001011110000011001110
011001011011100000100001
011001011011010111100101
011001011010011110000110
011001011010001011000011
011001011001000111001011
011001011001000001001000
011001011000000000101101
011001010101010101100101
011001010011110010100000
011001010010111110101011
011001010010100111010001
011001010010100101010001
011001010010100000110111
011001010010000101111100
011001010000111101101111
011001010000001010000011
011001001110111111100111
011001001011100111101000
011001000111100000111000
011001000111011110110011
011001000110111111100011
011001000100100000011101
011001000010111100000001
011001000001111100010110
011001000001101011000000
011000111100010001000101
011000111011111010001101
011000111011011000001101
011000111000100101000011
011000111000100001010110
011000110111100111010001
011000110110011000111010
011000110001010001111110
011000101111011111010001
011000101101110100001100
011000101101010110000001
011000101011101000001101
011000101010001111001001
011000101000010000001001
011000100111100111011101
011000100111011010001000
011000100110011101111001
011000100101111101010100
011000100001001110001011
011000011111100110001010
011000011110000011011011
011000011101101001111001
011000011101100011000100
011000011011100000101001
011000011001001010101011
011000010110111011111111
011000010011100111110111
011000010001111110101011
011000010001000000111110
011000010000110010000100
011000001111111001111000
011000001111001100110101
011000001100111010011101
011000001100100010001101
011000001010101011101101
011000001010010001001111
011000001001000001001000
011000001000011010001111
011000001000000101111000
011000000111111100001011
011000000110010100010000
011000000100100110100000
011000000000111110010010
011000000000100110001101
011000000000010111111101
010111111111111100111011
010111111111101101011111
010111111111000111010100
010111111010000001111100
010111111000111111010010
010111111000110011011001
010111110110111111110010
010111110011001110010001
010111110001001110110010
010111110000101110010010
010111110000001111111111
010111101111111011000101
010111101101100011101001
010111101101001010100000
010111101100111111110000
010111100110001100101101
010111100101010110111000
010111100100101001110010
010111100100101000001000
010111100100001100100001
010111100010010100110110
010111100010001010011011
010111011101001011011111
010111011011101001000001
010111011011100110010101
010111011011000101100111
010111011001001001001010
010111010111101000111000
010111010111010101001010
010111010110001011001010
010111010011011110011101
010111010011001000011010
010111010010010101111011
010111010000100111101111
010111001110110100011011
010111001110101011100111
010111001101001011111011
010111001100110001101111
010111001100011111001110
010111001100001001011001
010111001010111111101110
010111001001111000000100
010111001000000010000101
010111000111010000101110
010111000010001100100010
010111000010001001001110
010111000001001110011000
010110111101111110001010
010110111100100101010110
010110111011101100011100
010110111010011000111010
010110110110100100110101
010110110011100001110101
010110110011001001110110
010110110011001000111000
010110110010111100101000
010110110010100011110000
010110110001111100101100
010110110000001000100110
010110101111100101000000
010110101101100010100000
010110101011101111111000
010110101011101011111000
010110101011100001100000
010110101011010001110011
010110101010101001011101
010110101010011100000010
010110101001101011000001
010110101001011101010101
010110101000111110001100
010110101000011111100101
010110100111101101001111
010110100111010000100110
010110100111000110100111
010110100110111010111110
010110100110100000110001
010110100101011010011100
010110100101001000011101
010110100100001110110101
010110100010011101000000
010110100000111100011001
010110011110001000000000
010110011101011001100011
010110011100011111010110
010110011001111000110001
010110011000110100100101
010110011000101010000110
010110010110110011100010
010110010100110110100011
010110010100000001111000
010110010011101101111010
010110010011001001100011
010110010010110010010001
010110010010000111000001
010110001111001000101111
010110001110110110100000
010110001110010110001101
010110001101111101010000
010110001100001011100101
010110001011000101110111
010110001010101100000111
010110001000100110000001
010110001000010110010100
010110001000010001011100
010110000111111110101111
010110000111111110010100
010110000111101100100010
010110000111100100001100
010110000110111010111000
010110000101011101011101
010110000100100110100001
010110000010001001010001
010110000001001011000101
010110000000110010110011
010110000000100011000011
010101111110111001100010
010101111100100011111100
010101111100001100011101
010101111011101100001111
010101111011100000010111
010101111010011011100111
010101111000110101011001
010101111000000101110011
010101110101110001100000
010101110100101110110101
010101110011000100010001
010101110010110111000011
010101110010100101111111
010101110000010010110011
010101110000001111011110
010101101110000011011111
010101101100100001101010
010101101100011101001101
010101101010100111110110
010101101010010111101101
010101101001101110110001
010101101000111100101010
010101101000000001100011
010101100111011100000010
010101100111000101100111
010101100110100010111100
010101100110011110111001
010101100110011101010000
010101100101110101110011
010101100101100001101111
010101100011010100111100
010101100001101011110101
010101100001100110000111
010101100000000010000101
010101011110011110101100
010101011110010000111101
010101011110001010010110
010101011110000110111001
010101011101111101001011
010101011101111011000000
010101011011110101101010
010101011000110011111010
010101010111111100100000
010101010110101100110100
010101010011110110111111
010101010011001010001010
010101010010101001111111
010101010010000110010010
010101001111111000101111
010101001111100100110111
010101001111010001000101
010101001101111001101010
010101001101001001000101
010101001101000100110001
010101001010010000100001
010101001000100011100011
010101001000100010011101
010101001000011011010111
010101000110100000100010
010101000101011101100001
010101000101001111101001
010101000100110100110101
010101000100100000100011
010101000010010110110000
010101000000010110100101
010101000000010100101001
010100111111111000101101
010100111111101110010101
010100111110110101100011
010100111110101000011011
010100111110100101100110
010100111101011101011111
010100111100101010010010
010100111100100001111010
010100111011100000011001
010100111011011011110001
010100111010100111000101
010100111010011011001110
010100111001101100011100
010100111001100101010111
010100111001011000101001
010100110100001111000001
010100110011001001000001
010100110010010011000010
010100110000011111100011
010100101111110101011001
010100101101100001011111
010100101101011111100011
010100101101010100001010
010100101100110010010011
010100101100101000011000
010100101010000100100001
010100100110111011001111
010100100101010101010101
010100100101000000001010
010100100100111000001011
010100100010110111111101
010100100010110010100001
010100100001010111110010
010100011111101100010111
010100011011110001011100
010100011011011110100111
010100011001001010011001
010100010111110110001100
010100010111001000101100
010100010110111101111110
010100010101010111101110
010100010001100110100101
010100010001001010100001
010100010000001000000101
010100001111111100110000
010100001111010000010110
010100001110100111100100
010100001100001101000001
010100001011000011110001
010100001010111011001101
010100001010011111101101
010100001001111001011110
010100001000101111000011
010100001000000100100000
010100000111011001001101
010100000111000000101010
010100000101101000001000
010100000101011100111000
010100000100100011011001
010100000011111110011100
010100000010111011011101
010011111110010111110010
010011111100100101000001
010011111010010000101001
010011111010001101011001
010011111010000010010111
010011111000001001011000
010011110110010001001001
010011110011011001100110
010011110010111010000011
010011110010001101100011
010011110010000010110110
010011110001110100010010
010011101111011010000000
010011101111010100000001
010011101110110000111000
010011101110101111100110
010011101101010010011000
010011101100000111111000
010011101011110101001011
010011101010010110100111
010011101001111011100100
010011100101001100011101
010011100101001011000010
010011100010111111001001
010011100010000111000110
010011100010000110110110
010011100001101100010011
010011100001001011001101
010011100000011101001001
010011011111111001000010
010011011111011100101110
010011011111001101100101
010011011110001010101000
010011011101110011100001
010011011100111111111111
010011011100111101000011
010011011011111010110111
010011011011111000000101
010011011001110010011111
010011011000011111101010
010011010111111001110001
010011010101011101011001
010011010101011101010111
010011010101010000000110
010011010100111001010010
010011010100011001000000
010011010001110010010111
010011001111101000000110
010011001110101001110000
010011001110010101000110
010011001110010100111011
010011001101111010101101
010011001101100000001000
010011001010101010101111
010011001000010110100000
010011001000000000100011
010011000101100011001110
010011000010100100101011
010011000000101111001101
010010111110111101100100
010010111110001010101011
010010111101101011111011
010010111101010100110100
010010111101000001111101
010010111011000100001010
010010111001000001010010
010010110110000111000011
010010110101111001101111
010010110101101011011110
010010110101001001101011
010010110100100101001000
010010110011110101010000
010010110011000111110010
010010110010110011010000
010010110001001110011100
010010110000011100110110
010010110000011010110101
010010101111111011100000
010010101111101110111110
010010101101010010000100
010010101100010101001101
010010101100001111011011
010010101010011010101001
010010101010010000100011
010010101000110000000000
010010101000011010001001
010010100111011101100101
010010100110001110111001
010010100011100010101010
010010100001110011111101
010010100000101101010101
010010100000011110100011
010010011111100100001000
010010011111000010001101
010010011110011011001001
010010011011010101001000
010010011011001010110100
010010011010100100111111
010010011010011101011110
010010011010001011111111
010010011000110010101101
010010011000101100001011
010010011000100101101010
010010011000100000111100
010010010111100010010000
010010010110100111011001
010010010101110100100000
010010010100000001011001
010010010011010001000111
010010010010100001011011
010010010001100000010010
010010010001000011010101
010010001110101001001010
010010001110001010001001
010010001101101110111111
010010001100100011010001
010010001100011001001011
010010001010001000110101
010010001010000011011101
010010001010000011010100
010010001001110110110001
010010001001101100000111
010010001000111110111010
010010000111000110100001
010010000110110111000101
010010000110100101111111
010010000101001001001000
010010000100001000011011
010010000011100100001101
010010000011011011000111
010010000000101010100011
010001111111110101100011
010001111110110111110000
010001111101110010011011
010001111100111001101010
010001111011000010000100
010001111001100001001101
010001110111011010010111
010001110110000100101101
010001110100101100111101
010001110001111101000111
010001101110001100101100
010001101101000001110101
010001101001100100001110
010001101001011101111101
010001101001010010010101
010001101001000110100100
010001101000101110110010
010001100110000000001110
010001100101101010001110
010001100011111101011011
010001100011101011110000
010001100011010110110011
010001100010000010100010
010001100001111010110001
010001100001101100101011
010001100001010111001111
010001100001000111101000
010001100000110011110111
010001011111100001111101
010001011100111010110011
010001011100101011010011
010001011011110000110011
010001011011010010000011
010001011010110101110111
010001011010110101001000
010001011010011000100000
010001011010001100010101
010001011001101010111010
010001011001101000001101
010001011000010011111110
010001011000010001111100
010001011000000110100001
010001010111111000000111
010001010111001010101001
010001010110011011100001
010001010110001110001101
010001010110001000100001
010001010101100100110111
010001010011111011001111
010001010010100100100011
010001010001011010000101
010001010000111001111110
010001010000000101001100
010001010000000100111011
010001001111111110111000
010001001111100101111000
010001001111011100010100
010001001110000101100111
010001001100111010101010
010001001100011010110101
010001001100010101010110
010001001100001010100101
010001001011010000011110
010001001001011010100110
010001001001001111011011
010001001000100101101001
010001001000000110111000
010001000111110000100001
010001000111101010010010
010001000111011101100001
010001000111000111010000
010001000110110001100010
010001000110100110101111
010001000100101111111100
010001000100101100001001
010001000100010100110011
010001000100001111111011
010001000011111110001110
010001000011111011100101
010001000011101110001110
010001000011100111101101
010001000010110111001101
010001000010101111011111
010001000010000000011101
010001000001011001110010
010000111111101000010001
010000111111010001110001
010000111110110010101010
010000111110001010111100
010000111101100110010100
010000111101011010001110
010000111101010110011101
010000111101010100010011
010000111001111100100101
010000111001100111010101
010000111001000111011111
010000110111111101000011
010000110111111001100100
010000110111100101100101
010000110111010010101100
010000110110111010100111
010000110110100110010000
010000110110011001111100
010000110101101110001001
010000110100100011001101
010000110011100010000011
010000110010000010101101
010000110001110010110110
010000110001100011100101
010000110000111100101000
010000110000011110110111
010000101111010010111111
010000101101111011011110
010000101100011101101011
010000101100010011000011
010000101100000001100101
010000101011100011011001
010000101011010001110100
010000101001111111011010
010000101001101010011101
010000100101101100010101
010000100100100110011110
010000100100010100100000
010000100011010101001001
010000100010010110101001
010000100010001110110111
010000100010000111000011
010000100001110110100011
010000100001110010010110
010000100000110010100110
010000100000000111000101
010000011111101010100011
010000011111011011101000
010000011101111101111010
010000011100011010100011
010000011011110000010011
010000011011010100111000
010000011011000000010010
010000011010110111100111
010000011001001000110101
010000010111001100011000
010000010110000010000111
010000010101111110111001
010000010101110100101101
010000010101100011101010
010000010101100001101110
010000010100000110110011
010000010011001011101110
010000010010111000111011
010000010010010000010001
010000010001101110010010
010000001111010110010110
010000001110001100001010
010000001110000111001101
010000001101110110000011
010000001101010011100001
010000001010110110111011
010000001010100001011100
010000001010011010010110
010000001010010101001010
010000001010010011000110
010000001001110000101000
010000001000111000010100
010000001000000110011110
010000000111110010101001
010000000101011001011111
010000000101001111110100
010000000100011000011100
010000000100000100101111
010000000011010101011111
010000000011010011111010
010000000010010000011001
010000000010001100111011
010000000001111010011011
010000000001000100000110
010000000000101101001001
