011111111110000000111111
011111111101101110100011
011111111101011010010100
011111111011111111001100
011111111011111110101010
011111111000111101001010
011111110111010010111100
011111110011100110010000
011111101111110111011011
011111101110111010100111
011111101011110111000101
011111101010101011101010
011111011110101110100110
011111011011100001000011
011111011000010111101011
011111010011101100010000
011111001011100101110100
011111001001001110111001
011111000110011010010100
011111000100110000000111
011111000011111100100010
011110111110100110010110
011110111100000010101101
011110110111110110001110
011110110111010110101101
011110110101001110111001
011110110000010100100111
011110101100011100001001
011110100100101111110111
011110100010110110101010
011110100000011010000000
011110011011010110111001
011110011010111101101001
011110010111101111100101
011110001100110101000111
011110001100001000010010
011110000111000001000111
011110000011011011010110
011110000000110101110010
011101111101011000100000
011101111000111101000111
011101110111110111111110
011101110111011010111010
011101110011011110100010
011101110000101111110101
011101110000000000001111
011101101111011110101100
011101101110111101100001
011101101101101110100010
011101101011000001000000
011101101010010101010111
011101101001010001110011
011101101001000001111110
011101101001000000101010
011101101000100110101011
011101100110001110011110
011101100101101011010001
011101011101111001011111
011101011100010000000001
011101010111111101001000
011101010001111000100111
011101010001000110101110
011101001100110010001111
011101001010110100000000
011101001001100000000100
011101001000100000011100
011101000110110000001111
011101000101101011100110
011101000100111000001110
011101000011111010111001
011101000011110111011100
011100111111111110011000
011100111111101110010011
011100111111000101001010
011100111110111010000011
011100111101110000100010
011100111101001010001100
011100111010101010010010
011100110011001010000100
011100110010010111001101
011100110001100110100100
011100110000011111101011
011100101000110000000111
011100100111010001111100
011100100110010101111101
011100100110010100101000
011100100010000001010110
011100011110110101000010
011100011110000101110110
011100011011110011001001
011100011001111010101100
011100010111111001010010
011100010100100100011110
011100010001001110101111
011100010000111010011111
011100010000001100101111
011100001111101110001011
011100001111100100111010
011100001110100000100010
011100001110000101110111
011100001101110100101110
011100001100110010010000
011100001100001111111000
011100001011111110110010
011100001011001011111010
011100001000001111100111
011011111101100101001100
011011111010010100101110
011011111000001111111101
011011110111101011110011
011011110110001010110110
011011110100010100111000
011011110001101001011001
011011110001010010001000
011011101111011011110111
011011101111011001110100
011011101110110010101000
011011101110001011010101
011011101100110111111001
011011101010110000101000
011011101001100100110000
011011100111101001100001
011011100110101100000000
011011100110010111000000
011011100101110001111001
011011100100011101011010
011011100010011010101011
011011100001000110011011
011011011101111110111010
011011011001100001000000
011011010111110011010000
011011010010000110101111
011011001110001101010000
011011001101100000111011
011011001000011010010011
011011001000001001001110
011011000111100011011101
011011000011101101010011
011010111110000100011111
011010111100010000001100
011010111011101000101011
011010111011000101110001
011010111001000111010110
011010110111110001011101
011010110101110101101101
011010110100100101110011
011010101100001100010000
011010100111111111101100
011010100111100000010101
011010100110000000111001
011010100101001100111111
011010100010100110000000
011010100001000011101000
011010100000111111011011
011010011110101100111101
011010011100101111111001
011010010111100110010010
011010010111011100110000
011010010100000100110000
011010010000100011001010
011010001111110001110100
011010001101101010101101
011010001101011111011011
011010001010010001011101
011010001001100101110101
011010000111101000100101
011010000100110111010010
011010000100101110110111
011010000000101000010101
011001111110010001001010
011001111100010011001111
011001110110011110101010
011001110110010011100110
011001110101000101110010
011001110100110010110011
011001110010001101010111
011001110001001100000010
011001101101011010100101
011001101011001011000111
011001101010011001101010
011001100111000100000010
011001100100001110111110
011001100010111000000011
011001100010110010110100
011001100010000011010011
011001011010110001000111
011001010111110010100110
011001010101101001110101
011001010000111100011111
011001001110110000111000
011001001100110101101001
011001001011101001111101
011001001000001101101001
011001001000000000011011
011001000101011000100111
011001000100111011001100
011001000011111001001000
011001000001101101001110
011001000001000010100001
011001000000000110011100
011000111101101001111111
011000111101010101111000
011000111101001010011101
011000110111011111110101
011000110110000101100001
011000110101011101111011
011000110101011101110111
011000110100110000000001
011000110100011100011011
011000110100011010101000
011000110011010110010101
011000110001100001000011
011000110001010000011001
011000101111000110000000
011000101101110100100101
011000101011100010101110
011000101010110110001100
011000101010101100000010
011000101000001001110100
011000100110000001100100
011000100011100111010101
011000100011100001011011
011000100011011001001101
011000100010000011100100
011000100001110110010111
011000100000100011100011
011000100000001010000011
011000011111110101110011
011000011110100010110110
011000011000010111100010
011000010110001100111000
011000010100100000100110
011000010100001011010100
011000010010111000101100
011000010001011011010001
011000001111111111011011
011000001110001100110011
011000001100010001000101
011000001011011001110110
011000001001101010001001
011000000011110111000101
011000000011100001100110
011000000001111100011110
010111111111100110100111
010111111101010000101011
010111111100111000000001
010111111011110100110001
010111111011110001110011
010111111010010010011101
010111110111001110111010
010111110110100110011110
010111110101001011011011
010111110100000000000111
010111110001100111000101
010111101111011111111001
010111101111010011011001
010111101111010001001010
010111101110001010100001
010111101101100010000011
010111101001000011000101
010111101001000001001000
010111100100110100001001
010111100011001100101101
010111100010110100111110
010111100010110100101010
010111100001011100110101
010111100000110101000011
010111100000001011100010
010111011111100001000110
010111011110011010100101
010111011101110100001101
010111011101000011001100
010111011100010100010001
010111011100001110010011
010111011011101010010100
010111011011010010011100
010111011010110101100010
010111011000111001011010
010111010110100111001111
010111010110100101110100
010111010110000110100001
010111010101001111011111
010111010101000110010011
010111010100001111100111
010111010100000010010001
010111010000000101100001
010111001111110010101011
010111001111100101011111
010111001111100101011101
010111001111100010011100
010111001110101001011101
010111001101111100100101
010111001101011101110010
010111001100101010011010
010111001100011101000001
010111001011110111001011
010111001011101000011111
010111001010110110101101
010111001010000001100000
010111001001011011000010
010111001000011001110101
010111000111111101111011
010111000111100110100110
010111000111000111011100
010111000011111100110111
010111000010110111100011
010111000010100010000100
010111000001100010100101
010111000000110000111111
010110111101001010111010
010110111010111011011101
010110111001101100001011
010110110111000100111110
010110110101111110111101
010110110101100011010100
010110110101000001001010
010110110100110001111110
010110110100011001010010
010110110100000111101000
010110110010000111010000
010110110010000101110010
010110110001111000100110
010110110001011001100001
010110101110100100000100
010110101100100000110111
010110101011001100100100
010110101001010110011100
010110100111101011001111
010110100110010000101111
010110100010000100101100
010110011110101111011100
010110011101001100001111
010110011100001000110110
010110011011110101001010
010110011010101100000001
010110011010000110101100
010110011001000000011111
010110010111111001100100
010110010111010110010101
010110010110110111100100
010110010101010100000100
010110010101010010001100
010110010101000010111001
010110010011110011010011
010110001111000101000110
010110001110111000010100
010110001110100100001110
010110001110011101000000
010110001011001101000111
010110001001001101110000
010110000111100010110000
010110000110101001010000
010110000011100110100110
010110000010101100111011
010110000010000100010110
010101111111110111011100
010101111110110001000101
010101111110010100100111
010101111110001011001100
010101111101100100000100
010101111011010111010001
010101111011001101000101
010101111010010110011111
010101111001001111010000
010101111001000000011101
010101111000001100000000
010101111000001010110100
010101110110010011011001
010101110110000011011111
010101110011001011010011
010101110010101110111001
010101110010000000010010
010101110000110011010100
010101101101000110000101
010101101101000100011001
010101101010000001111010
010101101000110011101001
010101101000011101110000
010101100111100011001110
010101100100110110110111
010101100100001011010110
010101100010100110000110
010101100000100111110011
010101011100000100001100
010101011001111101110000
010101011001101111011000
010101010111110011000100
010101010101010101010010
010101010101001011110000
010101010011111001101101
010101010011010011111110
010101010001011100101011
010101010001011100101010
010101010000001100000101
010101001111101101000010
010101001110011100010010
010101001100101011110110
010101001100100100100101
010101001100100011110111
010101001010010101001111
010101000110110011111010
010101000101000100101001
010101000011011011110001
010101000011011010000101
010101000010111110110001
010100111110101010000010
010100111100110001100101
010100111010011100010001
010100111010010000111001
010100111001110101110000
010100111001110001101111
010100111000010111000000
010100110111011011011010
010100110111011010000011
010100110110110011001100
010100110110000110101101
010100110101110101111011
010100110100010110111001
010100110011010001001110
010100110010101000110011
010100110010010111110111
010100110001101010101111
010100101111011010001001
010100101100010000100110
010100101011001001000011
010100101010101001110000
010100101010100110010101
010100101010011010100011
010100101001001010000110
010100100111110110111110
010100100110100111111011
010100100101111001101011
010100100100101001011010
010100100100100011100110
010100100100001011010001
010100100011101001100111
010100100010111111101011
010100100010101111101000
010100100010101111000100
010100100010001100111010
010100100001011101111011
010100100000011010110010
010100011111011010101001
010100011111000100101111
010100011110100100000101
010100011110010010000101
010100011110000100110010
010100011101100110011111
010100011100101011000001
010100011010000010101111
010100011010000010010011
010100011001111111111010
010100011000110100101100
010100010111011000011011
010100010011001011011110
010100010010000110101000
010100010000110001001010
010100010000100001011100
010100001111001010000111
010100001110010100011111
010100001010011111010011
010100001001111011101101
010100001001000001011010
010100000111011010000011
010100000110111001101101
010100000101010101011111
010100000100011100101111
010100000011110011011100
010100000010001010000101
010100000010001000111101
010100000001001111010011
010100000000101101011101
010100000000100001010100
010100000000011001111101
010011111110011001110101
010011111110001100001100
010011111011110011110000
010011111010101010010001
010011111001110111011110
010011111001100101010110
010011110110010111000110
010011110110000001000100
010011110100111011001001
010011110011110000011011
010011110011001010111000
010011110010110101000111
010011110010011110101111
010011110001000011101011
010011110000001010111000
010011110000000101101100
010011101111001001100100
010011101101111111000100
010011101101100110101110
010011101101100000101110
010011101100111111111010
010011101100110000100100
010011101010101110100011
010011101000111101100001
010011101000110100100001
010011100110010001111001
010011100101111000101110
010011100101110101001000
010011100101101001001000
010011100101000111000111
010011100011011110110011
010011100010011010010001
010011100010010010000111
010011100010010010000100
010011100010000011101011
010011100001101100100011
010011011110110011001111
010011011110101111001110
010011011110010100100011
010011011101011111110001
010011011101011010001000
010011011100110111001111
010011011100100010001010
010011011011010101100110
010011011010111000110111
010011011001110110110110
010011011001100111111101
010011011000011110110111
010011011000011000011001
010011010111100001011001
010011010101001111011011
010011010100011100100100
010011010011101010110001
010011010011101000000011
010011010011100010110110
010011010011001110000101
010011010010001000001111
010011010001011000111001
010011010001010011001011
010011010000000101100111
010011001111100010100001
010011001110111011101000
010011001110101100001010
010011001101111010010010
010011001010100001111011
010011001010011110000100
010011001010011011001111
010011001001111111000001
010011000111100100100100
010011000111001110010010
010011000110111011100100
010011000110101111001011
010011000101010011101001
010011000100100100100111
010011000100001110000101
010011000100000001101011
010011000011110000001000
010011000010101011011110
010011000010010101000101
010011000001000011001001
010010111110110110100011
010010111110011000011111
010010111110010100111100
010010111101010111111110
010010111101001010000010
010010111100110011000100
010010111100100000010101
010010111010111110111110
010010111010001100101000
010010111010000010101111
010010111001110000111000
010010111000111100001101
010010111000010000110101
010010110111000001100111
010010110110111100101001
010010110110110001001101
010010110110101111111010
010010110110100111000001
010010110110010000010101
010010110110001110111101
010010110101000111000001
010010110101000110111001
010010110100110101100110
010010110100001110000111
010010110011001110110100
010010110010101110101101
010010110010101100110101
010010110010001110011011
010010110010000111000100
010010110001110111100111
010010110001001111101100
010010110000110011010111
010010110000110001110001
010010110000100101000000
010010110000001000101001
010010101111111111001010
010010101111011100111111
010010101110010110101111
010010101110010001110001
010010101100011010100101
010010101001101001101011
010010101001001000011101
010010101000101111110101
010010101000101001110011
010010100110011111111100
010010100101001110011111
010010100101001100110001
010010100011101101110110
010010100011101000110111
010010100010010010101110
010010100001001111110111
010010100000110000010000
010010100000101001000000
010010011111111000111111
010010011111010010010110
010010011110111010101000
010010011110110010110100
010010011100010110101110
010010011100010000000011
010010011011110110111110
010010011011001001101010
010010011010100111011101
010010011001101101001100
010010011001011101111100
010010011000101001110101
010010010110010100001111
010010010010111101011010
010010010010000011010010
010010010001110101000101
010010010001000111101100
010010010000000101010111
010010001111100001110110
010010001110111100000010
010010001110010000000100
010010001101010011000100
010010001100011001110010
010010001010110101011101
010010001010011110110101
010010001010001010000100
010010001001011110010000
010010001001010011010111
010010001000001011011111
010010000110011111111001
010010000110010011111111
010010000101111001110111
010010000101011111000010
010010000101011011010100
010010000011100010100010
010010000000101011110111
010010000000011011000000
010010000000001000011010
010001111111110111101111
010001111111101000111010
010001111111010001011000
010001111100111110001101
010001111001011111100010
010001111001000111110010
010001111000111100100100
010001110111100110011110
010001110101010111101101
010001110100111110101011
010001110100100101100100
010001110010111111001001
010001110010101110011001
010001110010011100010111
010001110010010110110110
010001110010000011111110
010001110001011110000000
010001110001011011110000
010001110000111101001101
010001110000011101101101
010001101110101111110101
010001101110001110001111
010001101101111100000011
010001101101111010110110
010001101101011111010110
010001101101011101101110
010001101101011100110100
010001101011000010110010
010001101010110100110001
010001101010100100110111
010001101010011110111111
010001101001101111110001
010001100111111110111111
010001100110011100111111
010001100110001010010000
010001100101010101100100
010001100101001111001000
010001100101001110100101
010001100101000100111100
010001100100101111011011
010001100100101011000010
010001100011110100001111
010001100011110100001011
010001100011001101011001
010001100010111011010001
010001100010001011100101
010001100001110000111111
010001011111001010011011
010001011110100100011111
010001011101111001001001
010001011101101010000111
010001011101001010110001
010001011100111100010110
010001011100000101001101
010001011011011100101001
010001011010101111110100
010001011010010000000110
010001011001100101011100
010001011001010111100001
010001011001001111011101
010001010111110110000100
010001010110111110001010
010001010101110100111101
010001010100011010001010
010001010011110001001000
010001010011001111110100
010001010001110000100001
010001010001101010000100
010001010000111001000010
010001010000110101001101
010001001111111001011010
010001001111110111001111
010001001111100101001110
010001001111010101101100
010001001111000110100110
010001001100110011111010
010001001100101101000100
010001001011110111101111
010001001011110001110110
010001001001100100000101
010001001001001010000100
010001001000111001111100
010001000111101101011101
010001000111011100110101
010001000111001000100011
010001000110011000110011
010001000101110010000100
010001000101001101000011
010001000011101100101010
010001000011100000101010
010001000001010101101010
010001000000011111111101
010000111111110100011101
010000111111011100000101
010000111110100000010111
010000111101111111100001
010000111101111011110010
010000111011101100101110
010000111010011011110001
010000111010000000100010
010000111010000000010011
010000111001011001111111
010000111000101011101010
010000111000001111011111
010000110111111001100101
010000110110100010011010
010000110101110000010011
010000110101010101001100
010000110101010000001111
010000110101001011110111
010000110101000100110101
010000110100100101000000
010000110100100100100001
010000110011100000110001
010000110011010100100101
010000110011010001101011
010000110011001001010010
010000110011000011111111
010000110011000000011011
010000110010110100000101
010000110010000000010111
010000110001110101010111
010000110001010010011011
010000110000111111110001
010000110000010101111010
010000101111010001010101
010000101101101110101101
010000101100100100110011
010000101011101110001001
010000101011000010111100
010000101010110000101111
010000101010011101100010
010000101001011010000001
010000101000010100001110
010000101000001111000100
010000100111110010010001
010000100111010010010111
010000100111000010100111
010000100110101110110110
010000100101110100100010
010000100101110011111111
010000100101110010110111
010000100101010010001100
010000100100001111001111
010000100100000011000001
010000100011100110110001
010000100011011000011100
010000100001000001100101
010000011111111001011011
010000011111000011101001
010000011110001010111111
010000011101101110011101
010000011101001110011001
010000011100111101011011
010000011100011000000000
010000011010010110100001
010000011001110111000101
010000011001101100010011
010000011000110111111111
010000011000000000001100
010000010111010111111011
010000010011001011001101
010000010011001000001110
010000010011000000101100
010000010010110011010110
010000010001010111111110
010000010000110111011001
010000010000110111001001
010000010000100011011010
010000010000100001101011
010000001111101000000000
010000001111011011100000
010000001111010011101101
010000001110010100101011
010000001100101100110011
010000001100011001110011
010000001100001000101100
010000001011011010000011
010000001010110101110000
010000001010100110101000
010000001010011101110110
010000001001110000110000
010000001000100110101100
010000000111010010000100
010000000110110100110001
010000000110000011110000
010000000101101011001011
010000000101101010110101
010000000101100101110010
010000000101100001010100
010000000011011110010010
010000000010001001110101
010000000010000011000001
010000000001001001001011
010000000000110010011111
010000000000110001000111