011111111111000000011110
011111111110110111010000
011111111110101101001000
011111111101111111100010
011111111101111111010001
011111111100011110011001
011111111011101001001011
011111111001110010100010
011111110111111010101100
011111110111011100001011
011111110101111001111101
011111110101010100000011
011111101111010010111100
011111101101101011010010
011111101100000101101001
011111101001101110011000
011111100101101000000010
011111100100011011100101
011111100011000000000001
011111100010001010001001
011111100001101111111101
011111011111000010001100
011111011101101111000001
011111011011100110011010
011111011011010110010111
011111011010010001001101
011111010111110001000000
011111010101110010001110
011111010001110110101010
011111010000111000101001
011111001111101000011101
011111001101000010111000
011111001100110101111100
011111001011001100001110
011111000101100101001111
011111000101001110001010
011111000010100101101000
011111000000101111001000
011110111111011001101100
011110111101100111011001
011110111011010100110111
011110111010110001000101
011110111010100010000011
011110111000011111010111
011110110111000100110101
011110110110101100001001
011110110110011010110000
011110110110001001100011
011110110101100000100100
011110110100000110011111
011110110011101111110101
011110110011001100101111
011110110011000100100001
011110110011000011110101
011110110010110110010101
011110110001100111001111
011110110001010100111011
011110101101010001110101
011110101100011010110110
011110101010001011011111
011110100111000000100100
011110100110100110011111
011110100100010101110110
011110100011010011110000
011110100010100111110011
011110100010000110011101
011110100001001011101001
011110100000100111101001
011110100000001100101101
011110011111101100100010
011110011111101010101110
011110011101100111111110
011110011101011111100010
011110011101001001111011
011110011101000100000101
011110011100011101011101
011110011100001001010011
011110011010110101001110
011110010110111000011000
011110010110011101100100
011110010110000011111011
011110010101011110100010
011110010001011000111001
011110010000100111000111
011110010000000111011000
011110010000000110101011
011110001101110101000000
011110001100001000110001
011110001011101111110000
011110001010100001111101
011110001001100010000100
011110001000011101010111
011110000110101100010100
011110000100111010101010
011110000100101111111000
011110000100010111100010
011110000100000111010010
011110000100000010010110
011110000011011101111101
011110000011001111110000
011110000011000110101000
011110000010100011001111
011110000010010000111011
011110000010000111110100
011110000001101100101101
011110000000001000010101
011101111010011011110110
011101111000101100010011
011101110111100101001100
011101110111010001110101
011101110110011101111000
011101110101011110101000
011101110100000010101000
011101110011110110001001
011101110010110110101001
011101110010110101100011
011101110010100000100000
011101110010001011011001
011101110001011110100100
011101110000010101110110
011101101111101101000011
011101101110101010101111
011101101110001001101000
011101101101111110010100
011101101101101010010101
011101101100111100110110
011101101011110110011001
011101101011001000111110
011101101001011101010110
011101100111000010111101
011101100110000111101001
011101100011000010011011
011101100000111011001111
011101100000100011001101
011101011101110001111111
011101011101101000101101
011101011101010100001100
011101011011001110011011
011101011000001010000100
011101010111001010101101
011101010110110101001100
011101010110100010001001
011101010101011101001110
011101010100101110010111
011101010011101010110100
011101010010111111001100
011101001110011001010000
011101001100000110001000
011101001011110100111101
011101001011000000100111
011101001010100100001001
011101001001001000100000
011101001000010010011110
011101001000010000001010
011101000110111111101100
011101000101111010111011
011101000011000101100001
011101000011000000010001
011101000001001001001110
011100111111001100110001
011100111110110001100001
011100111101100110111010
011100111101100000101011
011100111011101110110101
011100111011010110101110
011100111010010001011010
011100111000101111010000
011100111000101010100101
011100110110011001000101
011100110101000101001101
011100110011111111010011
011100110000110000001110
011100110000101010000100
011100101111111110110001
011100101111110100001101
011100101110011000000101
011100101101110011101100
011100101011101101000101
011100101010011101000001
011100101010000001011011
011100101000001010000101
011100100110100100110110
011100100101110100001101
011100100101110001010001
011100100101010110101100
011100100001010001011100
011100011111100110100001
011100011110011001101100
011100011011110000001111
011100011010100001101010
011100011001011100001111
011100011000110001100110
011100010110110101010110
011100010110101101111000
011100010101001111001001
011100010100111110100011
011100010100011001001110
011100010011001010001001
011100010010110010000000
011100010010010000000001
011100010000110111011111
011100010000101100000110
011100010000100101101001
011100001101011000001001
011100001100100100111010
011100001100001110011100
011100001100001110011001
011100001011110100011000
011100001011101001010000
011100001011101000001111
011100001011000001011101
011100001001111110110101
011100001001110101010111
011100001000100110101100
011100000111111000010111
011100000110100101010111
011100000110001100000000
011100000110000110001110
011100000100101001110011
011100000011011100000111
011100000010000100000111
011100000010000000101111
011100000001111100000011
011100000001001011001010
011100000001000011100111
011100000000010100010100
011100000000000101101111
011011111111111010001011
011011111111001010110000
011011111011101000100010
011011111010011001000101
011011111001011011000000
011011111001001110110011
011011111000011111011001
011011110111101001110001
011011110110110101000010
011011110101110011001011
011011110100101100000011
011011110100001100010010
011011110011001100000001
011011101111110110010000
011011101111101001110111
011011101110101111100010
011011101101011001000001
011011101100000010011011
011011101011110100001011
011011101011001101010011
011011101011001011100100
011011101010010100011100
011011101000100011010001
011011101000001011110111
011011100111010111000111
011011100110101011011110
011011100101010010101111
011011100100000100010010
011011100011111101000010
011011100011111011101111
011011100011010010101110
011011100010111011001101
011011100000010100011010
011011100000010011010001
011011011101110110101100
011011011100111010011010
011011011100101100100101
011011011100101100011010
011011011011111001001100
011011011011100010000000
011011011011001001110001
011011011010110001000001
011011011010000111110111
011011011001110001011101
011011011001010100110101
011011011000111001011011
011011011000110101111011
011011011000100000111010
011011011000010010111101
011011011000000010000100
011011010110111001100000
011011010101100011111110
011011010101100011001001
011011010101010000110101
011011010100110000100111
011011010100101011001110
011011010100001011001101
011011010100000011011000
011011010001101111001110
011011010001100100001011
011011010001011100011100
011011010001011100011010
011011010001011010101001
011011010000111001001101
011011010000011110110111
011011010000001100110010
011011001111101110101000
011011001111100110110001
011011001111010000100010
011011001111000111111010
011011001110101010101010
011011001110001011011001
011011001101110100110001
011011001101001110011100
011011001100111110000001
011011001100110000010100
011011001100011101111110
011011001010100110101110
011011001001111101111001
011011001001110001001111
011011001001001011110101
011011001000101110100101
011011000110100110110110
011011000101010010001000
011011000100100011010001
011011000011000000011010
011011000010010110111111
011011000010000110100111
011011000001110010011010
011011000001101001011010
011011000001011010110011
011011000001010000010110
011011000000000100010011
011011000000000011011100
011010111111111011100111
011010111111101001001100
011010111101111101100110
011010111100101111101110
011010111011111101101010
011010111010110111011110
011010111001110111101111
011010111001000001111010
011010110110100010010100
011010110100100011001011
011010110011100111111110
011010110010111111101111
011010110010110011111111
011010110010001000010011
011010110001110010000000
011010110001001000000011
011010110000011101101001
011010110000001000100101
011010101111110110001011
011010101110111010101001
011010101110111001100000
011010101110110000010111
011010101110000000101101
011010101011001011100101
011010101011000011111011
011010101010110111110111
011010101010110011100010
011010101000110110101111
011010100111101010001110
011010100110101001111001
011010100110000111010011
011010100100010010001000
011010100011101111011001
011010100011010110111100
011010100010000010000000
011010100001010111100100
011010100001000110011001
011010100001000000101100
011010100000101001000110
011010011111010100000101
011010011111001101111011
011010011110101100111100
011010011110000001111001
011010011101111000111101
011010011101011001001111
011010011101011000100001
011010011100010000010001
011010011100000110101001
011010011010010111001000
011010011010000101111011
011010011001101001101011
011010011000111011000001
011010010110101011000101
011010010110101010000100
011010010100110011111011
011010010100000100010110
011010010011110111000010
011010010011010011011011
011010010001101010100010
011010010001010000000010
011010010000010010010110
011010001111000101010110
011010001100010011010111
011010001011000001001101
011010001010111000011011
011010001001101100011001
011010001000001011110011
011010001000000101111110
011010000111010011101101
011010000110111100100110
011010000101110011011101
011010000101110011011101
011010000101000010000010
011010000100101110111110
011010000011111101011010
011010000010111000010111
011010000010110011111010
011010000010110011011101
011010000001011011110011
011001111111010001001010
011001111110001100101001
011001111101001100000001
011001111101001010111110
011001111100111010001001
011001111010001111011001
011001111001000100111110
011001110111101000101010
011001110111100001101000
011001110111010000110101
011001110111001110010111
011001110110010110001101
011001110101110001010100
011001110101110000011110
011001110101011000011010
011001110100111100110111
011001110100110010011110
011001110011110111100100
011001110011001100010111
011001110010110011010011
011001110010101000110010
011001110010001100110010
011001110000110011000010
011001101110110101110010
011001101110001001010010
011001101101110101110100
011001101101110011101100
011001101101101100010110
011001101100111010010010
011001101100000110100001
011001101011010101010010
011001101010111000011101
011001101010000110011011
011001101010000010110010
011001101001110011101000
011001101001011110101000
011001101001000100011101
011001101000111010011100
011001101000111010000110
011001101000100100110010
011001101000000111011100
011001100111011101100001
011001100110110101011101
011001100110100111110001
011001100110010011010111
011001100110001000000110
011001100101111111110011
011001100101101100110110
011001100101000111101010
011001100011011110010110
011001100011011110000100
011001100011011100100100
011001100010101101011101
011001100001110011101010
011001011111001010111101
011001011110011111101110
011001011101101010000010
011001011101100000001010
011001011100101001010001
011001011100000111100011
011001011001101101001110
011001011001010110110011
011001011000110010000100
011001010111110000111001
011001010111011100100000
011001010110011101010001
011001010101111001011100
011001010101011111010111
011001010100011100110011
011001010100011100000110
011001010011110111101010
011001010011100010010000
011001010011011010100101
011001010011010101111100
011001010010000100111000
011001010001111100001111
011001010000011011101110
011001001111101101001010
011001001111001100111101
011001001111000001011110
011001001100111110100111
011001001100110000101000
011001001100000100001110
011001001011010100110000
011001001010111100111001
011001001010101111000011
011001001010100000110100
011001001001100110111010
011001001001000010110001
011001001000111111011110
011001001000011001001101
011001000111101001110000
011001000111011010010000
011001000111010110011011
011001000111000001100001
011001000110110111101111
011001000101100100110110
011001000100011100101111
011001000100010111000000
011001000010101111001001
011001000010011111000011
011001000010011100110001
011001000010010101000110
011001000001111111010110
011001000000111100101010
011001000000010000110100
011001000000001011100110
011001000000001011100100
011001000000000010010111
011000111111110011100011
011000111101111100110111
011000111101111010010011
011000111101101001001101
011000111101000111010111
011000111101000011110000
011000111100101101011000
011000111100011111110111
011000111011101110101111
011000111011011100010011
011000111010110001111011
011000111010101000010111
011000111001111001011010
011000111001110101010000
011000111001010001111010
011000110111110100000011
011000110111010011010101
011000110110110011010010
011000110110110001100010
011000110110101110001100
011000110110100000110100
011000110101110011110101
011000110101010101010110
011000110101010001101010
011000110100011111101010
011000110100001001000010
011000110011101111111101
011000110011100101111111
011000110011000101110100
011000110000111010000111
011000110000110111100111
011000110000110101110011
011000110000100011100100
011000101110111111101101
011000101110110001010010
011000101110100101001011
011000101110011101001010
011000101101100001111010
011000101101000011011101
011000101100110100110111
011000101100101100110101
011000101100100001011101
011000101011110100111101
011000101011100110011101
011000101010110001010100
011000101001010110000101
011000101001000010100100
011000101001000000010001
011000101000011000101011
011000101000001111100111
011000101000000000101100
011000100111110100100001
011000100110110101001111
011000100110010100100000
011000100110001110000100
011000100110000010011100
011000100101100000001011
011000100101000011111100
011000100100010000010111
011000100100001101001000
011000100100000101101011
011000100100000100110101
011000100011111111000011
011000100011110000010000
011000100011101111010111
011000100011000000011111
011000100011000000011001
011000100010110101001000
011000100010011011011000
011000100001110010000110
011000100001011101001010
011000100001011011111011
011000100001001000000110
011000100001000011010010
011000100000111001001101
011000100000011111001001
011000100000001100101001
011000100000001011100111
011000100000000011010001
011000011111110000110000
011000011111101010100011
011000011111010100001111
011000011110100110010100
011000011110100011000100
011000011101010101001000
011000011011100001010110
011000011011001011100101
011000011010111011011101
011000011010110111011111
011000011001011101001000
011000011000100111101101
011000011000100110100101
011000010111101000010001
011000010111100101000000
011000010110101100011011
011000010110000000011111
011000010101101011101101
011000010101100110111101
011000010101000111011000
011000010100101101111101
011000010100011110010111
011000010100011001001110
011000010010110010011101
011000010010101110000100
011000010010011101100011
011000010001111111101100
011000010001101001001010
011000010001000010101111
011000010000111000101100
011000010000010110010100
011000001110110011100110
011000001100100101101001
011000001011111111001101
011000001011110101110011
011000001011010111110001
011000001010101011110111
011000001010010100010110
011000001001111011010011
011000001001011110001011
011000001000110101110000
011000001000001111110001
011000000111001101001110
011000000110111110001101
011000000110110000011011
011000000110010011010110
011000000110001100000111
011000000101011100011000
011000000100010100111000
011000000100001100111101
011000000011111011100110
011000000011101001101111
011000000011100111010001
011000000010010110111010
011000000000011101001111
011000000000010010000000
011000000000000101100111
010111111111111010011111
010111111111110000100111
010111111111100000111010
010111111101111110101110
010111111011101001111110
010111111011011010000110
010111111011010010100101
010111111010011001000000
010111111000111001011011
010111111000101000101010
010111111000010111110101
010111110111010011001100
010111110111000111111101
010111110110111011110111
010111110110111000001010
010111110110101011100000
010111110110010010000010
010111110110010000100001
010111110101111100000010
010111110101100110111001
010111110100011101000111
010111110100000110100011
010111110011111010010101
010111110011111001100001
010111110011100111000010
010111110011100101111100
010111110011100101010101
010111110001111101110000
010111110001110100010100
010111110001101001101000
010111110001100101101011
010111110001000101111000
010111101111111001111011
010111101110110111111000
010111101110101011010000
010111101110000111101110
010111101110000011011000
010111101110000011000001
010111101101111100100000
010111101101101101111111
010111101101101011000010
010111101101000110000011
010111101101000110000000
010111101100101011110100
010111101100011111100101
010111101011111111011000
010111101011101101011011
010111101001111100110100
010111101001100011001010
010111101001000101110101
010111101000111011101010
010111101000100110011100
010111101000011100101011
010111100111110111010101
010111100111011011110110
010111100110111101011111
010111100110100111111111
010111100110001011000100
010111100110000001101000
010111100101111100001010
010111100100111111100001
010111100100011001100100
010111100011100111110111
010111100010101010001011
010111100010001110010010
010111100001110111101000
010111100000110110110011
010111100000110010011010
010111100000010001000011
010111100000001110011100
010111011111100101101110
010111011111100100001111
010111011111010111111110
010111011111001101011001
010111011111000011000111
010111011101011111001000
010111011101011010011101
010111011100110110000101
010111011100110010000100
010111011011010001010010
010111011010111111100001
010111011010110100100000
010111011010000000001111
010111011001110100110111
010111011001100110111111
010111011001000110010110
010111011000101011110110
010111011000010010100001
010111010111010000100001
010111010111001000010100
010111010101101001000011
010111010101000100001111
010111010100100110011010
010111010100010101101011
010111010011101100101100
010111010011010110001001
010111010011010011100101
010111010001110001010010
010111010000111001101000
010111010000100110111010
010111010000100110101111
010111010000001100011000
010111001111101100011111
010111001111011001000111
010111001111001010000001
010111001110001101111111
010111001101101011011101
010111001101011000110001
010111001101010101010110
010111001101010010010101
010111001101001101011110
010111001100110111100010
010111001100110111001101
010111001100001000011101
010111001100000000000100
010111001011111110000011
010111001011111000010001
010111001011110100100111
010111001011110010001010
010111001011101001101000
010111001011000101111011
010111001010111110010101
010111001010100110001101
010111001010011001010100
010111001001111100011001
010111001001001100111111
010111001000001000110010
010111000111010101101001
010111000110101111110011
010111000110010001111001
010111000110000101010010
010111000101110111111110
010111000101001001001011
010111000100011000110001
010111000100010101001101
010111000100000001001111
010111000011101011000110
010111000011100000001010
010111000011010010011100
010111000010101001111101
010111000010101001100101
010111000010101000110011
010111000010010010000111
010111000001100011100110
010111000001011011000110
010111000001000111011101
010111000000111101100000
010110111111010100100100
010110111110100010010101
010110111101111100111000
010110111101010101011010
010110111101000001100001
010110111100101011001011
010110111100011111010101
010110111100000101001111
010110111010101010111000
010110111010010100111011
010110111010001101011001
010110111001101000110110
010110111001000001110111
010110111000100101101101
010110110101101001101001
010110110101100111100011
010110110101100010010001
010110110101011000111011
010110110100011000111000
010110110100000010000010
010110110100000001110111
010110110011110100000001
010110110011110010110011
010110110011001010010101
010110110011000001100100
010110110010111100000101
010110110010001111110101
010110110001000110110111
010110110000111001100001
010110110000101101011111
010110110000001100101101
010110101111110011001010
010110101111101000100010
010110101111100010010110
010110101111000010101000
010110101110001110011111
010110101101010010111000
010110101100111110001110
010110101100011011101011
010110101100001010010111
010110101100001010000110
010110101100000110100011
010110101100000011011001
010110101010100110111101
010110101001101011010100
010110101001100110100000
010110101000111101101000
010110101000101101100110
010110101000101100100111
