011111111100110011111001
011111111001011000000011
011111111000111000000000
011111110100110111110101
011111110100011100001000
011111101101000000101001
011111101010001011100001
011111101000110111000101
011111101000110110011101
011111100101011000011101
011111100100111101100001
011111100100000011101001
011111011111010110001000
011111011101011001001001
011111011101010001100010
011111011100101010010101
011111011011001100000001
011111011011000101010001
011111011010101011000111
011111011001010111100000
011111010110101111011001
011111010100100101011111
011111010010001100100010
011111010001110111000111
011111001111110100000011
011111001001101001110111
011111000111100011101111
011111000101010100010000
011111000011101100000001
011110110011001000010001
011110110010011001011010
011110110001001111010011
011110101111100011000011
011110101001011111001100
011110101000000001101101
011110011111101001000100
011110011010110010010111
011110011010011101111101
011110010111110100111010
011110010111100010101101
011110010101001101010001
011110010011101011000101
011110010010001100101000
011110001110101111011110
011110001101100011110111
011110000100001111110011
011110000011101011100111
011110000010011001111010
011101111011010110101111
011101111010110001101011
011101110111100001001110
011101110100111011011110
011101101110000001101100
011101101100011010111111
011101101010111000101000
011101101010010111100101
011101101001101010111100
011101101001000010000110
011101100111111101110101
011101100110111101011011
011101100101001001000110
011101100001101111100001
011101100001001001111110
011101100000010110111010
011101011111010011000101
011101011100010110110110
011101011011110111001001
011101011011101000000001
011101010111000010001111
011101010110101010011100
011101010011001110000001
011101001101000100111001
011101001011010011100010
011101001010011001101110
011101001001110110100101
011101000110101111011111
011101000110010011000101
011101000100001001110000
011101000011000101101100
011100111110011100001010
011100111011110101101000
011100111010000100100001
011100111001110001100111
011100111000010011111110
011100110101101000001000
011100110100111111010001
011100110011011111011100
011100110001011110101000
011100101101000111110110
011100101100111000101010
011100101011010110000011
011100100101000111101011
011100011001001110111010
011100011000001110100010
011100010011111100011110
011100010011111001011001
011100010000101001001101
011100001110001011010010
011100001100111111111000
011100001000010000100101
011100000011111010101010
011100000001100011010000
011011111111011010110001
011011111110101001010100
011011111101010101000001
011011111100110011000000
011011111001101010111100
011011110110000110111001
011011110010000110100011
011011110000011110011010
011011101111010110100011
011011101101100100000100
011011101101000110100001
011011101100001110000111
011011101010010101010010
011011101001001111111111
011011100100101111101101
011011100011011000010100
011011100010111110111100
011011100010010100010111
011011011111101000001111
011011011111000001010101
011011011110100100100000
011011011011110100111011
011011011010111000011011
011011010110100110000011
011011010110000010110010
011011010011111101000001
011011010001011110110011
011011001011111001110111
011011001000100100010010
011011000110010011100011
011011000101011001100011
011011000011011000110000
011011000010110010000010
011011000001100001001010
011011000000011010111000
011010111011010000000111
011010111001111000011010
011010110111001100111001
011010110101101010010001
011010110101011001001111
011010110100001010011111
011010110010100111001110
011010110001000000011110
011010101111011011101100
011010101111010011010010
011010101110101100100101
011010101010011111110001
011010101000111101010010
011010100111111101000001
011010100010110111100011
011010100010000001011001
011010100001010000001011
011010100000010100000111
011010011111000000001010
011010011100111100110110
011010011100111010011001
011010011001110011111101
011010011001001001101100
011010011000110101010001
011010010111101100100001
011010010001110001100111
011010010000100110111010
011010010000010110101101
011010001101111100100010
011010001101010011100100
011010001011011010100000
011010001010001000011101
011010000100111111010011
011010000011111110001001
011010000010111001110101
011010000010010010010010
011010000001111010100000
011010000001101110010111
011010000001011100010111
011001111111000000110001
011001111011000011100110
011001111001000011011101
011001111000011110101101
011001110101111111010111
011001110101111010111100
011001110101011100011010
011001110101001111011011
011001110100101011001100
011001110100001001000010
011001110011111000100101
011001110010101111100111
011001110000001010000010
011001101111111101101001
011001101101010011000001
011001101100111100000111
011001101011110101100110
011001101011101110010101
011001101011100011011010
011001101010011011000001
011001101000010101111101
011001101000000000001110
011001100011100010101110
011001100001101111011111
011001011111110000010100
011001011110010101111001
011001011101011100110110
011001011101001000111111
011001011011100101000111
011001011011011010010010
011001011010001111100001
011001011001100010000001
011001010101111110000110
011001010101010100001111
011001010100011110011100
011001010011011010100000
011001010000010100111111
011001010000001011001110
011001001111110100101101
011001001110001001111100
011001001101110011000000
011001001100010100001101
011001001100000110001101
011001001011000000010110
011001001010011010011101
011001000100111010001001
011001000001101100001011
011001000000000001111111
011000111111001001110000
011000111110111000011110
011000111001100011010101
011000110111111001000101
011000110110000110111111
011000110011101111111010
011000110010100011001111
011000110001001111110101
011000110000000100111110
011000101110010110011011
011000101101001110010101
011000101100110101001011
011000101100100001000000
011000101100001000110110
011000101011110100001011
011000101011110000100101
011000101010011011110101
011000101010010100000100
011000101001101000011000
011000100110110110110111
011000100010011110010111
011000011111101000011010
011000011000100000011011
011000010110011111100011
011000010101100001001010
011000010101001000111001
011000010100101101011011
011000010100001001010101
011000010010111001000110
011000001110101010110001
011000001110000111001000
011000001101111100001011
011000001100000111111001
011000001011011010111010
011000000111101100101011
011000000101101010011011
011000000101001000010100
011000000010010001000101
010111111110101111011001
010111111110011111100001
010111111100100100010010
010111111000101000010010
010111110100110110010100
010111110011101110000100
010111110011010110011010
010111110010101010110010
010111101111001101111000
010111101110011001100011
010111101101111001101011
010111101101101000001110
010111101101011110110001
010111101100010110010101
010111101011100001000001
010111101000110011001110
010111101000100111100001
010111100101011001011100
010111100100010101000100
010111100100001001000101
010111100011111000000000
010111100011010011101111
010111100011001101111101
010111100001001110011100
010111011111011100000111
010111011100011111011001
010111011011101001101010
010111011010010110100110
010111011000110110101100
010111011000101101101100
010111011000010101010101
010111010111110111000001
010111010111100111110110
010111010111100010110110
010111010110111111100101
010111010011110000110111
010111010000100100110110
010111001111101100110110
010111001111011100000011
010111001101000010111011
010111001100110010100011
010111001011110011010111
010111001010100001011011
010111001001101001000010
010111001001100011110110
010111001001100010011110
010111000110000010001000
010111000101010100111110
010111000100101010101001
010111000011110001010100
010111000010101000001010
010111000000100111111100
010110111111001111001111
010110111110101110000101
010110111101110110101111
010110111101110101011101
010110111011101100001001
010110111000111011000001
010110110101111111111001
010110110101101110010101
010110110100011110011001
010110110010101001111000
010110110000010100111100
010110101111100000011010
010110101110011001111010
010110101101001011100001
010110101010101001111000
010110101010100110110100
010110101010100101011101
010110101001100010010001
010110100111100101001001
010110100101111110010010
010110100100110111000101
010110100011100110100110
010110100011000100001110
010110100010100101111101
010110100001111001110111
010110100000101011100010
010110100000011111101010
010110011111011001110110
010110011110111011001000
010110011110010011011000
010110011100010111000110
010110011011110010100001
010110011011101011100111
010110010110101011100010
010110010011111111001101
010110010010010100010111
010110010010000000001111
010110010001100010101100
010110010001001110101101
010110010001000111101100
010110001111001010000010
010110001101011011010000
010110001100000100011001
010110001100000011101111
010110001010100000111010
010110001000110100011111
010110001000001111001100
010110000111111111000010
010110000110010111100101
010110000101010001111011
010110000101010000000000
010110000100010011001010
010110000010111011100011
010110000010111000100101
010110000010001111101101
010110000010000110101101
010110000010000101101101
010101111111000101100111
010101111110110011001101
010101111011101100000011
010101111011011100000001
010101111011010100101100
010101111010111010101010
010101111000101001100010
010101111000000000101011
010101110111011000001111
010101110111001001011000
010101110110100001001011
010101110101011100110001
010101110100011110101011
010101110100000101101010
010101110100000100100100
010101110011011000111000
010101110011001001000101
010101101111100010101011
010101101011101011110001
010101101011000110001011
010101101010111010011101
010101101010011010011110
010101101001001011101100
010101100111011111001101
010101100111000000000100
010101100101101011011011
010101100101100001000101
010101100101011001000011
010101100101000110001000
010101100010100000011010
010101100001111001001111
010101100000001011111110
010101011111011011000101
010101011110001110101100
010101011101001100011011
010101011100110100011000
010101011011101101011011
010101011011011100111001
010101011011010110010001
010101011011010011111010
010101011001111001100111
010101011001011000110110
010101010101110111000010
010101010101101001001111
010101010011101111110101
010101010010101100010111
010101010010000000001011
010101010001110001111010
010101001100101111111100
010101001011001000100001
010101000010111100100010
010101000001100101101011
010101000001011000000001
010101000001001000111010
010101000000101010011000
010101000000011000100011
010101000000010000101010
010100111111110000001001
010100111111011110001101
010100111110110100010001
010100111110010010110101
010100111101110110111101
010100111101101010111011
010100111101001001111010
010100111100011011000011
010100111010100000101101
010100111010011111101101
010100111001110001000000
010100111001000100011011
010100110111110010110010
010100110111110010011010
010100110111001001110001
010100110111000000110101
010100110110101100001111
010100110101010010011000
010100110011101100100011
010100101101111100110010
010100101101101011011010
010100101011011011000101
010100101010000110100010
010100101001010100001110
010100100111000001011000
010100100110010010000111
010100100101111000001110
010100100101101000111010
010100100100011010101111
010100100010111101101110
010100100010001000110001
010100100000110000010010
010100100000011110000100
010100011111111100101111
010100011110110000001101
010100011101101011100011
010100011100101110100111
010100011011101110100101
010100011011100101001001
010100011011011101010101
010100011011001000101111
010100011011000101110010
010100011001000010101011
010100011000011111011101
010100011000000011001010
010100010100011100010110
010100010100010110010011
010100010010111111100011
010100010010000110101001
010100010000011110000011
010100010000000101100101
010100001111110101110111
010100001111010100001100
010100001101111011101111
010100001100101011100110
010100001011100000100111
010100001010000001111011
010100001000111100100101
010100001000111010110011
010100001000110000010011
010100000111111101000111
010100000111101100011001
010100000110000000110000
010100000100010011001101
010100000011001011100101
010100000001111011010110
010100000001101011001110
010100000001100100111101
010100000001001011100111
010011111111010100010100
010011111110110110101111
010011111110010101100011
010011111011100000111110
010011111010111101101111
010011111000101111100111
010011110111101010001100
010011110100011011111111
010011110100001110000101
010011110011110100101101
010011110011001101000101
010011110011001010001110
010011110001111010011001
010011110001010111110010
010011110000000111101101
010011101111001010111001
010011101101011000111011
010011101101010111000011
010011101100000011101111
010011101100000000101100
010011101001110111010001
010011101001100100101010
010011101000000010001010
010011100111110011100000
010011100110010010011110
010011100110001001110111
010011100110000101100101
010011100011111110110110
010011100011011101001110
010011100011011001000010
010011011111011111111010
010011011111010001111101
010011011110101110010011
010011011100000001010000
010011011011101011100010
010011011011001111010100
010011011011000100110011
010011011011000010001000
010011011010011011001001
010011011001110110110010
010011011000010110101111
010011010111110100010110
010011010111100011101111
010011010111001001000100
010011010101010010101001
010011010100100100101101
010011010100011001011111
010011010100001011001011
010011010000001101111111
010011001110011011110100
010011001101101010101110
010011001100110100001110
010011001100110100000110
010011001011110001011111
010011001001101011111000
010011001001100100111100
010011001001001101110001
010011001000111000101101
010011001000110111100010
010011001000011000110111
010011000110101001110100
010011000110011100000000
010011000110001010101000
010011000101000100111101
010011000100101101001100
010011000100011000010111
010011000011100011010110
010011000010101010111111
010011000001110011011010
010011000001000011000101
010011000000110000110001
010010111111010000101100
010010111101110010111011
010010111100010111100010
010010111011101010000110
010010111011010011110010
010010111001101011010010
010010111001100110000101
010010111000110010111001
010010110111001101000001
010010110111000011000101
010010110101010110000001
010010110010001100010111
010010110001010000001111
010010110000111101011000
010010110000101010101110
010010101111011010010111
010010101110011011010011
010010101110000110111011
010010101101111000100110
010010101101110111110000
010010101101110001001110
010010101100011111110011
010010101011110110010001
010010101010011100011001
010010101010010000000000
010010101001000110110111
010010101000111001011010
010010101000110011110110
010010101000101111011011
010010101000101010110000
010010101000000000110110
010010100110100111110001
010010100101100100101101
010010100101011010011011
010010100011110100100011
010010100001111011011100
010010100001010001000001
010010100001001110101111
010010011111010100010010
010010011111001100111111
010010011010100111011100
010010011001110000110011
010010011001100111110011
010010011001000101111110
010010011000101000000101
010010010111111110010011
010010010111101010101011
010010010111100100000111
010010010111000110011110
010010010110100100000011
010010010110011110001100
010010010110001001000011
010010010101100001010010
010010010010000010111001
010010010001011000011111
010010010001001100101011
010010010000101111101001
010010010000010100000110
010010001111100000000111
010010001110111010010111
010010001110000101110101
010010001110000101011101
010010001110000101000101
010010001110000010010011
010010001101110100011011
010010001101101011110010
010010001011100011001000
010010001010101100011111
010010001001000011101011
010010000111001000101011
010010000111000100111110
010010000110101010001011
010010000110001010011111
010010000101011101111110
010010000100001000100001
010010000011111110001011
010010000011011100101100
010010000010100001001010
010010000001000100101011
010001111111110110100100
010001111111101100110110
010001111111100011111011
010001111111011000000100
010001111110000100011011
010001111101110001010110
010001111101101011110001
010001111101011001011000
010001111101010100111011
010001111100111011011110
010001111100111010100100
010001111100111010000000
010001111100110111100010
010001111011100110001011
010001111011000111001000
010001111010011011011111
010001110111001001100001
010001110111000000111100
010001110110111000101100
010001110101100010111010
010001110101100001101110
010001110101000111011011
010001110011110100101100
010001110011101111011110
010001110011010000001011
010001110001110011100101
010001110001101110011111
010001101111101110011110
010001101111100000000001
010001101111010011101000
010001101111001101011100
010001101110000000100110
010001101101010000010000
010001101100110010011000
010001101100011110100011
010001101100011110001100
010001101011011101111001
010001101011010001011101
010001101011001100010110
010001101001110000101110
010001101001001101001001
010001101000110110000111
010001101000110100001001
010001100101111101011110
010001100101011100010111
010001100101000010000011
010001100100101101111010
010001100100010000110100
010001100010101011100011
010001100010100110111111
010001100010011101000000
010001100000100111010111
010001100000010010001001
010001100000001011011000
010001100000001000101110
010001011110101000111100
010001011100110101101110
010001011100100011100010
010001011100001100100011
010001011100000000111111
010001011010110101000010
010001011010010000100110
010001011001011111011111
010001011000100011111010
010001010111101000001010
010001010111011101100000
010001010111010011110000
010001010111010001000110
010001010101101110100100
010001010101101010100011
010001010101101010010001
010001010101001111000101
010001010011101110000110
010001010000111111010101
010001010000100110011110
010001010000100000101011
010001001111111011110110
010001001111101100101111
010001001111001111011010
010001001101111000111000
010001001101001000000100
010001001010101111001001
010001001010100111000110
010001001010010000011101
010001001001111100010010
010001001001100000011101
010001001000000000110010
010001000111111000111001
010001000111011101110110
010001000111011011010110
010001000111000000011011
010001000110111000111110
010001000110100010101000
010001000110011001011111
010001000101110010011110
010001000100100101100001
010001000011111100110000
010001000011001111011100
010001000010011011010101
010001000001111001110000
010001000001111001011111
010001000001001110110111
010001000001000000101101
010001000000100111001011
010001000000011011110100
010000111110101110111100
010000111101100010010000
010000111101010001010010
010000111101000110000111
010000111100110010111111
010000111100101010100111
010000111100011000011000
010000111011000100000111
010000111010111111010001
010000111010001110010001
010000111000110001011101
010000111000011100101100
010000110111111001100100
010000110111110110001110
010000110110101110100001
010000110110100110010000
010000110101100101000110
010000110100101010101000
010000110100011001010010
010000110011001001000001
010000110011000111111000
010000110010110011000100
010000110010000101110100
010000110001000001100011
010000101111000010000011
010000101111000001001110
010000101101111010010101
010000101101101000111111
010000101101101000100100
010000101101011111101001
010000101100111011010010
010000101100000110111001
010000101011110001000010
010000101011001010000011
010000101010011100100000
010000101000011010100111
010000100111111110011000
010000100110110000100011
010000100110101110001000
010000100101010111001101
010000100100010001101000
010000100100000010000000
010000100011100010000011
010000100011100000111001
010000100011010000111011
010000100011001011111011
010000100011001010010110
010000100010111011111011
010000100001100111100111
010000100001100110100110
010000100001000000011101
010000100000110011011110
010000100000101001110111
010000011111111010101011
010000011110111110100110
010000011110110101101010
010000011110010111010001
010000011110010100111001
010000011110001101111000
010000011110000111001001
010000011010111110010100
010000011010101010100010
010000011001000000010100
010000011000010111000010
010000010111110110011101
010000010111010000011011
010000010111001000011000
010000010110101000011000
010000010101001101000100
010000010100010001001110
010000010011101001011100
010000010011100000101001
010000010011011000001101
010000010011001100000101
010000010010110011011000
010000010010110010010001
010000010001111010010100
010000010001100010001111
010000010001011011101110
010000010000000010001101
010000001111110011000011
010000001110111001000111
010000001100110000100001
010000001011010100110010
010000001001101100010110
010000001001100010101101
010000001000111110100101
010000001000100011100101
010000001000010011010000
010000001000000101100011
010000000111000110100100
010000000111000100111111
010000000110011101110111
010000000101101111011100
010000000100110111100001
010000000100110001010001
010000000011111010001100
010000000010000010011010
010000000001110000001100
