0100000000000000011101101
0100000000000010011100010
0100000000001110011010000
0100000000010010101110010
0100000000010100101101101
0100000000100101110100110
0100000000100110110001010
0100000000100110110111000
0100000001000101001101111
0100000001010010011100000
0100000001011010110100111
0100000001100001101101001
0100000010000100111100100
0100000010000101111010101
0100000010010110101010011
0100000010100011011110111
0100000010100110000111011
0100000010100111001001101
0100000010110110100110000
0100000011001010011101110
0100000011001011101001111
0100000011100000101100000
0100000011100101110111000
0100000011101111010110101
0100000011110000010010010
0100000100000111011000000
0100000100010101111100010
0100000100101101001001010
0100000100111001000101110
0100000100111010001110100
0100000101000101101010010
0100000101001011111011011
0100000101010010000001001
0100000101010011011001101
0100000101010110011100100
0100000101100010110101001
0100000101100101110011000
0100000110001000010100010
0100000110011001010000101
0100000110011001110100011
0100000110100111100001011
0100000110111001011100000
0100000111000000001111110
0100000111001000101011111
0100000111010110000011110
0100000111010111001100101
0100000111011101010101100
0100000111100110010001000
0100000111101000001001011
0100000111101100000000101
0100000111110010110111100
0100000111111111100010001
0100001000000010110000101
0100001000011100000000001
0100001000100111110101010
0100001000101101000111011
0100001000111101010111110
0100001001001011101010000
0100001001010000111100101
0100001001010100001011000
0100001001011110101101000
0100001001011110111001101
0100001001100011111101101
0100001001100100110100110
0100001001110110100101000
0100001010000111110010011
0100001010001010001011110
0100001010001110100000010
0100001010001111110010001
0100001010101001010000101
0100001010110000111010010
0100001010110111000110101
0100001010111010010001100
0100001010111101011001001
0100001011000001000001110
0100001011000011000100001
0100001011001011011100111
0100001011001101111011111
0100001011001111011011101
0100001011001111110011101
0100001011010001100010111
0100001011110100001011110
0100001011110111010100000
0100001011111000011100000
0100001011111011010011001
0100001011111111110011111
0100001100010011000101010
0100001100011000010111010
0100001100100110111110010
0100001100101000101000001
0100001100101111001111010
0100001100111101011101111
0100001100111111001001100
0100001101000001010100011
0100001101010000110000110
0100001101010110101001001
0100001101011001100001011
0100001101011101100001001
0100001101100111101010001
0100001101101101111011101
0100001101101110110101100
0100001101101111010000001
0100001101110010000000110
0100001101111000000111000
0100001101111011111010011
0100001101111111010011100
0100001110001100101001010
0100001110001110110111110
0100001110010110001010111
0100001110011111010101100
0100001110100000101101000
0100001110101110100110010
0100001110111001001100100
0100001110111001111101101
0100001110111010111000100
0100001111011001111110001
0100001111100101110100011
0100010000011011010001011
0100010000100011110010110
0100010000100100111001110
0100010000110001111011010
0100010000110011000010111
0100010001000011000000101
0100010001010011100111000
0100010001011001011111111
0100010001011011000111111
0100010001011101101010001
0100010001101010001101110
0100010001101110101100000
0100010001110011011010100
0100010010000001000010101
0100010010010101011101011
0100010010010101110010010
0100010010010110000110111
0100010010100011010100000
0100010010100101000111110
0100010010100101001111111
0100010010101111101011110
0100010010110110111001010
0100010011000000110001001
0100010011000100001011100
0100010011000111100111110
0100010011010111110001011
0100010011011110110101111
0100010011100011001001010
0100010011100011001101001
0100010011100100100100001
0100010011101011001010010
0100010011111011111110010
0100010100000000100000101
0100010100001011011011011
0100010100010100010000101
0100010100010101011001001
0100010100100010011010111
0100010100100100101101100
0100010100101001010100010
0100010100110010101100101
0100010100111101101111100
0100010101001000001111001
0100010101001100011100111
0100010101010000110011111
0100010101010001001001101
0100010101010011001101010
0100010101010011010110111
0100010101010101111101010
0100010101100010111101111
0100010101110000111000100
0100010101110111100001101
0100010110000001001110010
0100010110001001100111101
0100010110010001011111011
0100010110011001101000000
0100010110100100100111000
0100010110101000101000010
0100010110101101101100011
0100010110101110010010111
0100010110111000001100110
0100010111000000001110101
0100010111000010100010011
0100010111001111111101001
0100010111100101100001101
0100010111101001010111101
0100010111110010111001101
0100011000011000000101001
0100011000100010101111001
0100011000100110011111010
0100011001001010111000000
0100011001001111001001011
0100011001011010110101001
0100011001100010001100001
0100011001101001111000000
0100011001110011111010000
0100011001110100111111010
0100011001111000011110011
0100011001111110001101011
0100011001111110110111001
0100011001111111110100110
0100011010001100000111101
0100011010011000101010001
0100011010100010111011110
0100011010100101111110101
0100011010101000110110110
0100011010110101000010001
0100011011001111101101010
0100011011010111010111001
0100011011100011110101011
0100011011101100011010101
0100011011101100111010111
0100011011110010001010011
0100011011111010110111000
0100011100001100110000011
0100011100010011110101011
0100011100011000101111011
0100011100011101101001101
0100011100101011101001111
0100011100101101001110100
0100011100101101010110001
0100011100110010011010011
0100011100110111101011000
0100011101001001101010001
0100011101010010010011001
0100011101100001110101110
0100011101100110111010110
0100011101100111011011110
0100011101111010010011000
0100011110000100000111011
0100011110001100001000101
0100011110010101100111000
0100011110010111111010101
0100011110011110001000011
0100011110100100110011001
0100011110101001001011100
0100011110110010101110011
0100011110110100010111110
0100011111000100100001100
0100011111011100001001111
0100011111110101111011011
0100100000000000001011110
0100100000000010011100001
0100100000000100111010110
0100100000011001011011011
0100100000011110001110011
0100100000100001101111010
0100100000110100011110010
0100100001000000111110111
0100100001100001001101110
0100100001110000110000101
0100100001110010110010111
0100100010010110010101011
0100100010011110001011111
0100100010100000101000101
0100100010110010011110100
0100100010110111101110000
0100100010111001010010001
0100100010111100010100000
0100100011000011100001010
0100100011001110101101010
0100100011101110111111001
0100100011110100101101010
0100100011111001100100011
0100100100000110101111111
0100100100010101011011110
0100100100010111101011111
0100100100011011001000111
0100100100100000010011110
0100100100101100100000001
0100100100110011011101111
0100100101000111100010010
0100100101011011101011101
0100100101100001110111111
0100100101110000010110100
0100100101110101101001011
0100100101110110000000000
0100100101111111011111001
0100100110000100000111000
0100100110000111001111010
0100100110011011000101110
0100100110100111110110101
0100100111000000011000000
0100100111000101000011000
0100100111000110110110100
0100100111001000001100000
0100100111110100100111001
0100100111111000101111011
0100100111111001111010100
0100101000000110101000111
0100101000010000001100100
0100101000010001001001100
0100101000011101010011001
0100101000011101100001000
0100101000100001001111110
0100101000111000011111111
0100101000111100101101111
0100101001000011110011101
0100101001001011000111001
0100101001001110011111000
0100101001011011110101110
0100101001100110001110110
0100101001100111101010010
0100101001110101001110100
0100101001111000010101101
0100101010000000011000010
0100101010000010100101111
0100101010001010101001010
0100101010011111000101011
0100101010101001011010100
0100101010101111100000100
0100101010110010110110000
0100101010111010111111010
0100101011001100110111000
0100101011010110110110100
0100101011011010000111011
0100101011111010010011110
0100101011111110101001010
0100101100000011100110011
0100101100010000000111110
0100101100010011001110101
0100101100100100001000101
0100101100101000011110001
0100101100101001000000101
0100101100110000001011110
0100101100110001110010111
0100101101010100001011001
0100101101100000001010100
0100101101100011000100110
0100101101100011101010110
0100101101110001100011000
0100101101111000101010000
0100101101111110010010010
0100101110001001011010110
0100101110010011110010111
0100101110100010100100001
0100101110101011010000101
0100101110101011100000010
0100101110101111001101010
0100101110101111010111100
0100101111010011110000100
0100101111010100110111100
0100101111011010110011100
0100101111011101111000111
0100101111111010111110100
0100101111111110101011001
0100110000000011011010110
0100110000001000010110001
0100110000010011001111110
0100110000011111100101100
0100110000101001011010111
0100110000101001100101010
0100110000101111011011100
0100110001001001110011100
0100110001010010110000101
0100110001100001001101001
0100110001100010011101110
0100110001110001001111001
0100110001110100101101011
0100110001110101110101011
0100110001111001110110110
0100110001111111000001000
0100110010000011001111001
0100110010000110011000000
0100110010001110111010111
0100110010010011100110101
0100110010011110011010101
0100110010100000011010010
