011111001001001110111001
011111000100110000000110
011110111110100110010110
011110001100001000010010
011101110000000000001111
011101001010110100000000
011100111010101010010001
011100110001100110100100
011100010100100100011110
011100001011001011111001
011011111101100101001100
011011111010010100101110
011011101010110000101000
011011011101111110111010
011011001110001101010000
011010011100101111111001
011010010100000100101111
011010001101101010101100
011010000100110111010001
011001111110010001001001
011001110110010011100110
011001100010110010110011
011001001110110000111000
011001001100110101101001
011001001011101001111101
011001000001000010100000
011000110001010000011001
011000101101110100100100
011000101000001001110011
011000011110100010110101
010111111011110100110001
010111110101001011011010
010111101111010011011001
010111101110001010100000
010111100001011100110100
010111010000000101100001
010110111001101100001011
010110110010000111001111
010110110010000101110010
010110011100001000110110
010110001011001101000111
010110000011100110100100
010110000010101100111010
010101111011010111010001
010101110011001011010011
010101101101000110000100
010101101010000001111010
010101001111101101000001
010100110111011011011001
010100100010111111101011
010100001111001010000111
010100000110111001101011
010011110110010111000101
010011110011001010111000
010011110010011110101110
010011100101111000101101
010011011000011000011001
010011010001010011001011
010011001111100010100000
010011001010100001111010
010011001010011011001110
010011001001111111000000
010010111101001010000001
010010111010001100101000
010010110010000111000100
010010101000101001110010
010010011001101101001011
010010001111100001110110
010010001001010011010110
010010000000001000011010
010001110001011110000000
010001101110101111110101
010001100101001110100101
010001100100101111011010
010001011011011100101000
010001011001001111011100
010001010101110100111101
010001000110011000110010
010000111111011100000101
010000110111111001100100
010000110101000100110100
010000101111010001010100
010000101011000010111100
010000011000000000001100
010000001011011010000010
010000000010000011000000
