011111111101100000001011
011111111011110011001001
011111111010001010010010
011111110110010100110011
011111110101000000111000
011111101010101011011111
011111101010000011010111
011111101000101000101110
011111100000110100011001
011111100000001011010011
011111011100100100001100
011111011001101100011111
011111010010000010111011
011111010000010001001000
011111001110100100001010
011111001101111111100011
011111001101001110000111
011111001100100000111000
011111001011010101010000
011111001010001101111100
011111001000001101000110
011111000100011100001011
011111000011110010100111
011111000010111010000101
011111000001101110111111
011110111110011110101000
011110111101111011100010
011110111101101010110011
011110111000100101101011
011110111000001011010110
011110110100010111011110
011110101101100100101000
011110101011100111010001
011110101010100111010110
011110101010000000011111
011110100110100100010111
011110100110000100111101
011110100011101101001010
011110100010100001111011
011110011101011001000110
011110011010100001000101
011110011000100100000111
011110011000001111001111
011110010110100111110011
011110010011101001111110
011110010010111100110110
011110010001010011000001
011110001111000100110001
011110001010010000111110
011110001010000000001101
011110001000010011010110
011110000001011011101010
011101110100010100011100
011101110011001101011110
011101101110011111010011
011101101110011011111001
011101101010110110011001
011101101000001000010110
011101100110110101010000
011101100001100111000011
011101011100110100111001
011101011010001110001000
011101010111110111110110
011101010111000001011000
011101010101100100100011
011101010100111111000110
011101010001100010110110
011101001101100111110101
011101001001001101101101
011101000111011011001000
011101000110001100000100
011101000100001110000111
011101000011101101100111
011101000010101111100100
011101000000101010101001
011100111111011110011100
011100111010100001011001
011100111001000001010100
011100111000100101011010
011100110111110110100111
011100110100111001011000
011100110100001110100111
011100110011101110111011
011100110000101101111101
011100101111101011011101
011100101010111101111101
011100101010010111001110
011100101000000100010000
011100100101010110011110
011100011111001110011100
011100011011100011111101
011100011001000101000011
011100011000000101011001
011100010101111000000001
011100010101001101100010
011100010011110100110001
011100010010100111101001
011100001100111100101110
011100001011011100100001
011100001000100000010111
011100000110110100001101
011100000110100001100001
011100000101001011001010
011100000011011110010011
011100000001101101101001
011011111111111111001001
011011111111110101111100
011011111111001011011111
011011111010100100110101
011011111000111000111001
011011110111110010011101
011011110010001101110101
011011110001010010100000
011011110000011100100101
011011101111011010110010
011011101101111110110100
011011101011101110111111
011011101011101100010011
011011101000010010111111
011011100111100100101101
011011100111001110010110
011011100101111110101100
011011011111011111111001
011011011110001110000111
011011011101111100011001
011011011011010011101001
011011011010100110110101
011011011000100010010111
011011010111001000100101
011011010001100000100000
011011010000011001001111
011011001111001110100001
011011001110100011010000
011011001110001001010001
011011001101111011111111
011011001101101000010011
011011001010111110001010
011011000110101001010110
011011000100011101010010
011011000011110101000111
011011000001000110111101
011011000001000010001000
011011000000100000110001
011011000000010010100100
011010111111101010111110
011010111111000101101001
011010111110110011101010
011010111101100011111011
011010111010101111000001
011010111010100001011110
011010110111100111000100
011010110111001110000011
011010110110000001000001
011010110101111001000110
011010110101101101001010
011010110100011110000110
011010110010001100110001
011010110001110101000010
011010101100111101010010
011010101010111111011111
011010101000110100101011
011010100111010001111110
011010100110010011101101
011010100101111110000001
011010100100010001000001
011010100100000101001101
011010100010110011100111
011010100010000001111110
011010011110001001010011
011010011101011011100111
011010011100100000111100
011010011011010110110100
011010010111111111011001
011010010111110100101111
011010010111011100001011
011010010101100111101111
011010010101001110101111
011010010011100111010110
011010010011011000000110
011010010010001011111011
011010010001100010100111
011010001011100010100100
011010001000000010000100
011010000110001110011000
011010000101010001000101
011010000100111110010000
011001111111001010100110
011001111101010110110111
011001111011011010100111
011001111000110110000110
011001110111100010100110
011001110110000111110010
011001110100110110010010
011001110010111101111100
011001110001101111011101
011001110001010100000101
011001110000111110000111
011001110000100011110100
011001110000001101010100
011001110000001001011010
011001101110101101001010
011001101110100100101101
011001101101110101001010
011001101010110011111110
011001100110000010110010
011001100010111100110111
011001011011001100111110
011001011001000000110110
011001010111111101000001
011001010111100010101001
011001010111000100110010
011001010110011101100011
011001010101000110010101
011001010000100000100001
011001001111111001110011
011001001111101101111000
011001001101101111100010
011001001100111110101010
011001001000111011110101
011001000110101110010111
011001000110001001010011
011001000011000010010010
011000111111001101001111
011000111110111100000000
011000111100110110001100
011000111000100100101001
011000110100011110000010
011000110011001111101001
011000110010110101111110
011000110010000110101000
011000101110010110111101
011000101101011110001100
011000101100111011100111
011000101100101000101011
011000101100011110011011
011000101011001111110110
011000101010010110000001
011000100111011001100010
011000100111001100110101
011000100011101101011000
011000100010100011010000
011000100010010110001111
011000100010000011101111
011000100001011100011010
011000100001010110001010
011000011111001011111010
011000011101001111111111
011000011010000011011100
011000011001001001001101
011000010111101111001101
011000010110000111010010
011000010101111101100010
011000010101100011001001
011000010101000010010011
011000010100110001110111
011000010100101100011011
011000010100000110001111
011000010000100110010010
011000001101001001010011
011000001100001100101010
011000001011111010011110
011000001001010100101010
011000001001000010111011
011000000111111110100000
011000000110100101110010
011000000101101000101111
011000000101100011001000
011000000101100001101001
011000000001101110110010
011000000000111101111001
011000000000010000000101
010111111111010010000010
010111111110000010110111
010111111011111000000111
010111111010011000001001
010111111001110100010001
010111111000111000011000
010111111000110111000000
010111110110100010011100
010111110011100010110110
010111110000011000011101
010111110000000101011110
010111101110101111000001
010111101100110001000010
010111101010001111111111
010111101001010111001101
010111101000001010111111
010111100110110110010000
010111100100000111100010
010111100100000100001111
010111100100000010110001
010111100010111010001001
010111100000110010111100
010111011111000011110010
010111011101110110110110
010111011100011111111001
010111011011111010110000
010111011011011010000011
010111011010101010011010
010111011001010101110100
010111011001001000111111
010111010111111101100100
010111010111011100011001
010111010110110001011101
010111010100101011001111
010111010100000011101111
010111010011111100010001
010111001110100010101010
010111001011101000101000
010111001001110101010011
010111001001011111100110
010111001000111111101100
010111001000101010001000
010111001000100010100011
010111000110011010111100
010111000100100011011001
010111000011000101101011
010111000011000100111101
010111000001011010010101
010110111111100101010111
010110111110111101001000
010110111110101011101100
010110111100111100000111
010110111011110000111101
010110111011101110111001
010110111010101101010001
010110111001001110110010
010110111001001011100101
010110111000011111100000
010110111000010101110011
010110111000010100101111
010110110101000101100101
010110110100110001101111
010110110001011011000001
010110110001001001101111
010110110001000001110110
010110110000100101110010
010110101110001001010110
010110101101011101010011
010110101100110001101111
010110101100100001101110
010110101011110110011000
010110101010101100101010
010110101001101001101111
010110101001001110110010
010110101001001101100111
010110101000011110100010
010110101000001101100000
010110100100010101010001
010110100000001011010100
010110011111100010110100
010110011111010110001011
010110011110110011101111
010110011101011110111001
010110011011101010000100
010110011011001000100010
010110011001101101011001
010110011001100010010000
010110011001011001100111
010110011001000101001111
010110010110010010110100
010110010101101000101001
010110010011110011000010
010110010010111110011010
010110010001101100001100
010110010000100100110111
010110010000001010111111
010110001110111110101001
010110001110101100110101
010110001110100101101101
010110001110100011001011
010110001101000010000000
010110001100011110110000
010110001000101011110010
010110001000011100111101
010110000110011010010110
010110000101010001110001
010110000100100010010000
010110000100010010111010
010101111110111000101001
010101111101001001011100
010101110100010110001100
010101110010111000110110
010101110010101010001011
010101110010011001111100
010101110001111001001001
010101110001100101111110
010101110001011101100000
010101110000111010100011
010101110000100111010011
010101101111111010001110
010101101111010110010011
010101101110111000010111
010101101110101011011100
010101101110000111111101
010101101101010101100111
010101101011010010001100
010101101011010001000110
010101101010011110111100
010101101001101111000100
010101101000010111011000
010101101000010110111101
010101100111101011010100
010101100111100001101101
010101100111001011100110
010101100101101011000110
010101100011111101110000
010101011101110010111001
010101011101100000010000
010101011011000101010101
010101011001101010100101
010101011000110100100110
010101010110010111000000
010101010101100100010010
010101010101001000100000
010101010100111000000101
010101010011100100001101
010101010010000000011010
010101010001000111100111
010101001111101000101100
010101001111010101001001
010101001110110001011001
010101001101011111010100
010101001100010101101010
010101001011010100010100
010101001010001111101001
010101001010000101100000
010101001001111101001000
010101001001100111000100
010101001001100011111000
010101000111010111010011
010101000110110001100010
010101000110010011001100
010101000010011011101111
010101000010010101010001
010101000000111000010001
010100111111111011010010
010100111110001011001011
010100111101110000111100
010100111101100000000110
010100111100111100000001
010100111011011101001110
010100111010000111010110
010100111000110111000000
010100110111010001100100
010100110110000111010001
010100110110000101010110
010100110101111010000111
010100110101000011010010
010100110100110001010111
010100110010111110000011
010100110001001000101110
010100101111111100000001
010100101110100110000101
010100101110010100110100
010100101110001110000111
010100101101110010111110
010100101011110011001110
010100101011010011100011
010100101010110000000001
010100100111101110101100
010100100111001000111110
010100100100110000110101
010100100011100110100010
010100100000001001110110
010100011111111010111110
010100011111011111110100
010100011110110101011010
010100011110110010010111
010100011101011100111100
010100011100110111111010
010100011011100010001110
010100011010100001001011
010100011000100111010000
010100011000100101010000
010100010111001100001000
010100010111001000110111
010100010100110101111001
010100010100100010000000
010100010010111000101001
010100010010101000111110
010100010001000001001101
010100010000111000000001
010100010000110011011011
010100001110100011010111
010100001101111111011011
010100001101111010111101
010100001001110000101000
010100001001100001101101
010100001000111011100110
010100000110000010101001
010100000101101011011100
010100000101001101010010
010100000101000010000011
010100000100111111001100
010100000100010101100010
010100000011101110101011
010100000010001000000011
010100000001100011010011
010100000001010001100100
010100000000110101000011
010011111110110110100011
010011111110000101011110
010011111101111001011111
010011111101101010001100
010011111001011011110000
010011110111100001110100
010011110110101101011010
010011110101110011001100
010011110101110011000100
010011110100101011111100
010011110010011101010010
010011110010010101111000
010011110001111101001000
010011110001100110101010
010011110001100101011001
010011110001000100101010
010011101111001110001000
010011101110111111011000
010011101110101100110101
010011101101100010011101
010011101101001001000101
010011101100110010110111
010011101011111010010010
010011101010111110001000
010011101010000010110100
010011101001001111001111
010011101000111011101101
010011100111010101001011
010011100101110001001000
010011100100001111101000
010011100011011111001001
010011100011000111010110
010011100001010111111000
010011100001010010010100
010011100000011011101110
010011011110101111000100
010011011110100100011110
010011011100110000001001
010011011001011001000110
010011011000011000111111
010011011000000100111001
010011010111110001000000
010011010110011011010101
010011010101011000000110
010011010101000010011000
010011010100110011000110
010011010100110010001100
010011010100101011001111
010011010011010100011100
010011010010101000001010
010011010001001000011000
010011010000111011001011
010011001111101101001110
010011001111011110111000
010011001111011000111100
010011001111010100001111
010011001111001111010001
010011001110100010100110
010011001101000011101100
010011001011111100001110
010011001011110001010001
010011001010000100101101
010011001000000011101100
010011000111010110100000
010011000111010100000011
010011000101010001100111
010011000101001001110110
010011000000010001001101
010010111111010111000001
010010111111001101011011
010010111110101001011010
010010111110001001100101
010010111101011101000110
010010111101001000001100
010010111101000001001101
010010111100100001101010
010010111011111101000000
010010111011110110110001
010010111011100000010001
010010111010110101111011
010010110111001001001011
010010110110011100000011
010010110110001111011110
010010110101110000100101
010010110101010011010000
010010110100011011111011
010010110011110011110000
010010110010111011110110
010010110010111011011100
010010110010111011000011
010010110010111000000110
010010110010101001010101
010010110010100000001000
010010110000001110101110
010010101111010100100100
010010101101100101000100
010010101011100010001101
010010101011011110010001
010010101011000001110001
010010101010100000000011
010010101001110000101101
010010101000010101110011
010010101000001010110100
010010100111100111001101
010010100110100111111001
010010100101000101100010
010010100011110010011101
010010100011101000001000
010010100011011110101001
010010100011010010000010
010010100001111001000110
010010100001100100110100
010010100001011110111000
010010100001001011010101
010010100001000110100110
010010100000101011100001
010010100000101010100100
010010100000101001111101
010010100000100111010110
010010011111010000110110
010010011110101111110101
010010011110000001011100
010010011010100010010000
010010011010011001001000
010010011010010000011000
010010011000110101001101
010010011000110011111100
010010011000010111111111
010010010111000000000100
010010010110111010100001
010010010110011001010001
010010010100110110111001
010010010100110001011110
010010010010101001011100
010010010010011010000101
010010010010001100111011
010010010010000110010111
010010010000110100101110
010010010000000001010111
010010001111100001101000
010010001111001100100011
010010001111001100001011
010010001110000111111000
010010001101111010101010
010010001101110101001111
010010001100010011111011
010010001011101110001001
010010001011010101101011
010010001011010011100110
010010001000010001100111
010010000111101110011100
010010000111010010100000
010010000110111101000111
010010000110011110001110
010010000100110010101101
010010000100101101110111
010010000100100011010000
010010000010100110010111
010010000010001111110110
010010000010001000101010
010010000010000101110110
010010000000100000001011
010001111110100101111000
010001111110010010100101
010001111101111010001011
010001111101101101111010
010001111100011101010011
010001111011110110101000
010001111011000010100000
010001111010000011010011
010001111001000011111001
010001111000111000100110
010001111000101110010000
010001111000101011011100
010001110111000010111000
010001110110111110101000
010001110110111110010100
010001110110100001011111
010001110100111010100101
010001110010000001001110
010001110001100110110101
010001110001100000101100
010001110000111001101000
010001110000101001100111
010001110000001010100000
010001101110101110101111
010001101101111010111110
010001101011011000110100
010001101011010000010010
010001101010111000010001
010001101010100010111000
010001101010000101011000
010001101000011111111101
010001101000010111100101
010001100111111010111010
010001100111111000010000
010001100111011011101110
010001100111010011110100
010001100110111100001001
010001100110110010011100
010001100110001001000110
010001100100110111100001
010001100100001100010011
010001100011011100010010
010001100010100101000011
010001100010000001011110
010001100010000001001100
010001100001010100000001
010001100001000101000000
010001100000101001111100
010001100000011101111010
010001011110101010100010
010001011101011001010010
010001011101000111010011
010001011100111011011110
010001011100100111001101
010001011100011110010101
010001011100001011000001
010001011010110001101111
010001011010101100100110
010001011001111000101011
010001011000010110011000
010001011000000000011000
010001010111011011001011
010001010111010111101000
010001010110001011101011
010001010110000010111011
010001010100111101111011
010001010011111111111111
010001010011101101101000
010001010010011000101000
010001010010010111011011
010001010010000001011000
010001010001010001011101
010001010000001001001100
010001001110000010001011
010001001110000001010011
010001001100110110010000
010001001100100011111001
010001001100100011011101
010001001100011010000000
010001001011110011100000
010001001010111100000011
010001001010100100111010
010001001001111011101000
010001001001001011011011
010001000111000001111100
010001000110100100000100
010001000101010001101101
010001000101001111001001
010001000011110011001010
010001000010101001100010
010001000010011001000000
010001000001110111001101
010001000001110101111110
010001000001100101000101
010001000001011111110011
010001000001011110001000
010001000001001110110111
010000111111110101101010
010000111111110100100101
010000111111001100001111
010000111110111110011111
010000111110110100010101
010000111110000010011010
010000111101000010110111
010000111100111001011001
010000111100011001010000
010000111100010110110000
010000111100001111010101
010000111100001000001100
010000111000110011110010
010000111000011110110111
010000110110101110100010
010000110110000010111001
010000110101100000011011
010000110100111000001110
010000110100101111101110
010000110100001101111001
010000110010101101010101
010000110001101110000100
010000110001000100000001
010000110000111010101110
010000110000110001110010
010000110000100100111110
010000110000001010110111
010000110000001001101100
010000101111001110100011
010000101110110101000110
010000101110101110001100
010000101101001111100101
010000101100111111100100
010000101100000010010101
010000101001110001111110
010000101000010001000010
010000100110100010101100
010000100110011000100000
010000100101110010010101
010000100101010101110011
010000100101000100100011
010000100100110110000101
010000100011110011100010
010000100011110001110111
010000100011001000100010
010000100010010111011111
010000100001011100011010
010000100001010101110100
010000100000011011101001
010000011110011101000111
010000011110001001111000
010000011011110111111000
010000011010110011001110
010000011010110010000110
010000011010011001011110
010000011010001011101010
010000011001001111111010
010000011001000010111111
010000011000101111001000
010000011000101101010100
010000010111101010110110
010000010111011000001000
010000010111000001010111
010000010110111100000101
010000010110110110000111
010000010110011111101000
010000010101111110001100
010000010101101010110110
010000010101001001001001
010000010101000000101110
010000010100010100111101
010000010011011001001100
010000010011010110110001
010000010010111101001100
010000010010011110001011
010000010010010000000000
010000010001100011000110
010000010001000000011000
010000010000011111011101
010000001011110100110001
010000001011100001000101
010000001011000101110101
010000001010000110110110
010000001001111100110101
010000001001101110010001
010000001001000011111010
010000001000100110010100
010000000111101011011101
010000000111100110011000
010000000110111010101100
010000000110111001110010
010000000101001110011110
010000000101000111001010
010000000100101000010100
010000000100010111101101
010000000011111101011000
010000000011110011111011
010000000010111111110011
010000000010101100000000
010000000010011011111111
010000000000111000001000