001111111111100110100100010
001111111111100110010011010
001111111110000101001111111
001111111101001111111110001
001111111011011001010000011
001111111001100001011101011
001111111001000010111101110
001111110111100000111000111
001111110110111011000100010
001111110000111011010110000
001111101111010100010000000
001111101101101111001111111
001111101011011001000100101
001111100111010101000100000
001111100110001001010111100
001111100100101110110010101
001111100011111001100001111
001111100011011111101010011
001111100000110100000011010
001111011111100001111110100
001111011101011011010100110
001111011101001011100001000
001111011100000111011001111
001111011001101001110010100
001111010111101101001011000
001111010011110110010011001
001111010010111001100000101
001111010001101010111100011
001111001111001000111010010
001111001110111100001111100
001111001101010100111010000
001111000111110110101000000
001111000111100000001001010
001111000100111100000100110
001111000011001000110110001
001111000001110101110100011
001111000000000110110110100
001110111101111000101111010
001110111101010110000100001
001110111101000111011111101
001110111011001000111011100
001110111001110001010100111
001110111001011001011101011
001110111001001000101001000
001110111000111000000000000
001110111000010000011000111
001110110110111001011000001
001110110110100011011111010
001110110110000001100110111
001110110101111001101011011
001110110101111001000000111
001110110101101011111111001
001110110100011111101010000
001110110100001110000000101
001110110000010100011001000
001110101111011111100000100
001110101101010101101010100
001110101010010010110101110
001110101001111001110100010
001110100111101111001011100
001110100110101111111000110
001110100110000101110010110
001110100101100101111001000
001110100100101101101000011
001110100100001011001101101
001110100011110001011100111
001110100011010010101100100
001110100011010000111101101
001110100001010100000100111
001110100001001100000000111
001110100000110111011000110
001110100000110001110011111
001110100000001100111101000
001110011111111001101110000
001110011110101001100010111
001110011010111000101111111
001110011010011111010000000
001110011010000110110111000
001110011001100011010011111
001110010101101010110101011
001110010100111011100111010
001110010100011101100010001
001110010100011100110111010
001110010010010010110101111
001110010000101100011001101
001110010000010100101111000
001110001111001011001011010
001110001110001110110010001
001110001101001101111001101
001110001011100011001100100
001110001001111000000001100
001110001001101101110111110
001110001001010110111011110
001110001001000111100111001
001110001001000010111110000
001110001000100000101100000
001110001000010011010011111
001110001000001010101110010
001110000111101001011001011
001110000111011000001010010
001110000111001111100101010
001110000110110110000100101
001110000101010111101010101
001110000000000001100000111
001101111110011000111111011
001101111101010110011011001
001101111101000100010011001
001101111100010011101100010
001101111011011000100010101
001101111010000010100100011
001101111001110110111001111
001101111000111011100110011
001101111000111010100101010
001101111000100110111011100
001101111000010011001110100
001101110111101001011001010
001101110110100101100101001
001101110101111111100010011
001101110101000001110000001
001101110100100010111010011
001101110100011000011000011
001101110100000101110001101
001101110011011011011011000
001101110010011001110111111
001101110001101111101000100
001101110000001011100110111
001101101101111100010000111
001101101101000101001111110
001101101010001110011111110
001101101000010001011010101
001101100111111011001100010
001101100101010111011100100
001101100101001110111000111
001101100100111011111100101
001101100011000000100010101
001101100000001011101001111
001101011111010001010110010
001101011110111101100010111
001101011110101100000010100
001101011101101100101010101
001101011101000001100110100
001101011100000011100100000
001101011011011011100000100
001101010111001110000001100
001101010101000111011000110
001101010100110111101010110
001101010100000111110100100
001101010011101101110011011
001101010010011010000110000
001101010001101000110001111
001101010001100110101010101
001101010000011101001111110
001101001111011110100011011
001101001100111001010100001
001101001100110100100010100
001101001011001000010000010
001101001001010111001010101
001101001000111110011011101
001101000111111010101100110
001101000111110101000010111
001101000110001101110010110
001101000101110111111011100
001101000100111001001000111
001101000011100000010000110
001101000011011100000010111
001101000001011000011100010
001101000000001100101010011
001100111111001101100010011
001100111100010010110001010
001100111100001101001110110
001100111011100110001110001
001100111011011100101101010
001100111010001001110001101
001100111001101001000001111
001100110111101111111111110
001100110110101000000101000
001100110110001111010010111
001100110100100100001101011
001100110011001001011100111
001100110010011101111000001
001100110010011011010000001
001100110010000011011100001
001100101110011001110000101
001100101100111010010000111
001100101011110101101101001
001100101001011110101010011
001100101000011000101011110
001100100111011010111010100
001100100110110100111110101
001100100101000110100010111
001100100100111111111010101
001100100011101011110011011
001100100011011101000011111
001100100010111011111100011
001100100001110101110100010
001100100001100000011010101
001100100001000010010011010
001100011111110011111000101
001100011111101001110011011
001100011111100100000101001
001100011100101110010100101
001100011100000001000011010
001100011011101101001101011
001100011011101101001011011
001100011011010110001100100
001100011011001100011000010
001100011011001011011110110
001100011010101001001111100
001100011001101110011101011
001100011001100110000111001
001100011000100000110000000
001100010111110111111011111
001100010110101110110101010
001100010110011000100000100
001100010110010011011010111
001100010101000010000111000
001100010011111101110100110
001100010010110000100001011
001100010010101101100011111
001100010010101001011100000
001100010001111110100001010
001100010001110111111001100
001100010001001110011001001
001100010001000001100110111
001100010000110111011101010
001100010000001101111000010
001100001101000111110000010
001100001100000010010000110
001100001011001011111111001
001100001011000001010100101
001100001010010111111010010
001100001001101001000101110
001100001000111011000011101
001100001000000001100110100
001100000111000011100110001
001100000110100111111010101
001100000101101111111011100
001100000010110101111101101
001100000010101011001100010
001100000001111000100000100
001100000000101101011001101
001011111111100010010000100
001011111111010101111001100
001011111110110100001100101
001011111110110010101101000
001011111110000010111011000
001011111100100000111010100
001011111100001100101010000
001011111011011111000001010
001011111010111001010001110
001011111001101100100101001
001011111000101000110100110
001011111000100010100100010
001011111000100001011100010
001011110111111110000010101
001011110111101001110000100
001011110101011001111100001
001011110101011000111101010
001011110011010010001001110
001011110010011110010100000
001011110010010010011011000
001011110010010010010000111
001011110001100110010000000
001011110001010010010100001
001011110000111101100000010
001011110000101000001111010
001011110000000100111001110
001011101111110001101010011
001011101111011001000110110
001011101111000001100101101
001011101110111110100110010
001011101110101100100100010
001011101110100000100110000
001011101110010010000111000
001011101101010011111010011
001011101100001010101001101
001011101100001001111100000
001011101011111010010000011
001011101011011110101011011
001011101011011010000100100
001011101010111110101010101
001011101010110111111110100
001011101000111001010100000
001011101000101111110111111
001011101000101001010000111
001011101000101001001111100
001011101000100111101111000
001011101000001011001011100
001011100111110100101100000
001011100111100101001111111
001011100111001011100000100
001011100111000100110011000
001011100110110001110100111
001011100110101010011101110
001011100110010001100001001
001011100101110110110110111
001011100101100011100101000
001011100101000010111001101
001011100100110100111010101
001011100100101001001111000
001011100100011001100111101
001011100010110100000101111
001011100010010001010111000
001011100010000110100110011
001011100001100110110010010
001011100001001101111011001
001011011111011010101000100
001011011110010010101111010
001011011101101011000000101
001011011100010111001110010
001011011011110100001000011
001011011011100110010001101
001011011011010101001010111
001011011011001101100011001
001011011011000001001011110
001011011010111000010101011
001011011001111000000000000
001011011001110111010001010
001011011001110000101010001
001011011001100001000101101
001011011000000110001010000
001011010111000100011010000
001011010110011010001010001
001011010101011110111110001
001011010100101001001111101
001011010011111011111001011
001011010001110101100100111
001011010000001010101101101
001011001111011001000000001
001011001110110111001110101
001011001110101101010111001
001011001110001000101110000
001011001101110110000000110
001011001101010010110101100
001011001100101111010010100
001011001100011101101000111
001011001100001110001101101
001011001011011100010111001
001011001011011011011010101
001011001011010011110000011
001011001010101011110111110
001011001000010100011011111
001011001000001110000010001
001011001000000011111101101
001011001000000000010110011
001011000110011000001011011
001011000101011000010110101
001011000100100010101111100
001011000100000101111011000
001011000010100100011000011
001011000010000111011111001
001011000001110011001001101
001011000000101100100010101
001011000000001001010010101
001010111111111011000001101
001010111111110110010011010
001010111111100010101100110
001010111110011100001001101
001010111110010111000010110
001010111101111011101011111
001010111101010111111111011
001010111101010000100101010
001010111100110110010010111
001010111100110101101100110
001010111011111001110111000
001010111011110001111000110
001010111010010101100110010
001010111010000111010111001
001010111001110000000000101
001010111001001001011100011
001010110111010010100100100
001010110111010001101110011
001010110101110000010001110
001010110101001001000011111
001010110100111110000101101
001010110100100000110000110
001010110011001010011001110
001010110010110100100110011
001010110010000001110111011
001010110001000010100101011
001010101110110000011110010
001010101101101101000110111
001010101101100101111001111
001010101100100111100111100
001010101011011000100011110
001010101011010011110010011
001010101010101010101011001
001010101010010111110001010
001010101001011011111111101
001010101001011011111111001
001010101000110011100111011
001010101000100100000011100
001010100111111011100110100
001010100111000011010000110
001010100110111111101000000
001010100110111111010000111
001010100101110111110011011
001010100100000110111001011
001010100011001111001001111
001010100010011010100110111
001010100010011001110000101
001010100010001100000101001
001010100000000001011011010
001010011111000101000100100
001010011101111010010000100
001010011101110100100100000
001010011101100110111101011
001010011101100100111100111
001010011100110111011111100
001010011100011001101000100
001010011100011000111101010
001010011100000101011110101
001010011011101111001100100
001010011011100110110010100
001010011010110111001010111
001010011010010100010001001
001010011010000000000000111
001010011001110111100001101
001010011001100000111010110
001010011000011000011110011
001010010110110011011111110
001010010110001111101001001
001010010101111111111110001
001010010101111110010000011
001010010101111000010110011
001010010101010000000010110
001010010100100110011001010
001010010011111110110010101
001010010011100111100111101
001010010010111111011010010
001010010010111100011111101
001010010010110000010011101
001010010010011111011100100
001010010010001010011011101
001010010010000010011000111
001010010010000010000111000
001010010001110000111111111
001010010001011001011101010
001010010000110111110100100
001010010000010111101011110
001010010000001100101101101
001010001111111100010110011
001010001111110011010101001
001010001111101100101010110
001010001111011101011111010
001010001110111111101100101
001010001101101011011000101
001010001101101011001010011
001010001101101001111101110
001010001101000100010001111
001010001100010110000011110
001010001010001111010011111
001010001001101100110100010
001010001001000001111111110
001010001000111010000111111
001010001000001110011000000
001010000111110011100000110
001010000101111000101010111
001010000101100110110101101
001010000101001001101000010
001010000100010101110110011
001010000100000101101001000
001010000011010011011100001
001010000010110111000000010
001010000010100010010100100
001010000001101101100001111
001010000001101100111110000
001010000001010000000101011
001010000000111111001000010
001010000000111001000011000
001010000000110101010111011
001001111111110101001011001
001001111111101110010101010
001001111110100001111101111
001001111101111101001001110
001001111101100011101101011
001001111101011010100111110
001001111011110011010011000
001001111011101000010000111
001001111011000101001110111
001001111010011111110011001
001001111010001100111111011
001001111010000010000101100
001001111001110110111000000
001001111001001001010000101
001001111000101100110011010
001001111000101010001101000
001001111000001100000101011
001001110111100110110000101
001001110111011010100100001
001001110111010111100011111
001001110111000111000111010
001001110110111111011011101
001001110101111110010011010
001001110101000101101011010
001001110101000001001010110
001001110011101111101100100
001001110011100011000101011
001001110011100001010010100
001001110011011011010001100
001001110011001010001110111
001001110010010101111110101
001001110001110011101001001
001001110001101111100011110
001001110001101111100010000
001001110001101000010101000
001001110001011100101111001
001001101111111111111010010
001001101111111101111001001
001001101111110000100010001
001001101111010110000101110
001001101111010011010001010
001001101111000001110010100
001001101110110111001110101
001001101110010000111000000
001001101110000010011110011
001001101101100001011010100
001001101101011001111101000
001001101100110101010101011
001001101100110010000110000
001001101100010110100010010
001001101011001101011010101
001001101010110011111011110
001001101010011010111111011
001001101010011001101000001
001001101010010111000001110
001001101010001100100111111
001001101001101001101000101
001001101001010001111010101
001001101001001111000011010
001001101000101000001100100
001001101000010110100111001
001001101000000011001000100
001001100111111011011000011
001001100111100010011001100
001001100101110110000000111
001001100101110100000100111
001001100101110010101010100
001001100101100100100010000
001001100100010111001010000
001001100100001011111111011
001001100100000010100111110
001001100011111100011010011
001001100011001110100011111
001001100010110111000000010
001001100010101011101101100
001001100010100101100000001
001001100010011100101101010
001001100001111010010100010
001001100001101111000110011
001001100001000110000011011
001001011111111111100111111
001001011111110000100011111
001001011111101110110010100
001001011111010000001111110
001001011111001001010001000
001001011110111101110000110
001001011110110100010111111
001001011110000011100110111
001001011101101010011000101
001001011101100101011011100
001001011101011100011111010
001001011101000010000110100
001001011100101100010111111
001001011100000100101100010
001001011100000010001101000
001001011011111100011110010
001001011011111011110100110
001001011011110111010111111
001001011011101100000000000
001001011011101011010100010
001001011011000111010010000
001001011011000111001101101
001001011010111110100011011
001001011010101010110001010
001001011010001011000100010
001001011001111010111110110
001001011001111010000010100
001001011001101010110100000
001001011001100111001000001
001001011001011111011000011
001001011001001011011000011
001001011000111101001100010
001001011000111100011001101
001001011000110110000000011
001001011000100111110010111
001001011000100011000010110
001001011000010001111011011
001001010111101110101111010
001001010111101100001111111
001001010110110000100010100
001001010101010111111011100
001001010101000111010010011
001001010100111010111101010
001001010100110111111011110
001001010011110010110111111
001001010011001010000100111
001001010011001001001110000
001001010010011001101010110
001001010010010111001011000
001001010001101100000001011
001001010001001010100001110
001001010000111010101100101
001001010000110111000100011
001001010000011111000000111
001001010000001011101010010
001001001111111111110001111
001001001111111011110111011
001001001110101101101010111
001001001110101010010101001
001001001110011101110001011
001001001110000111000100110
001001001101110101111100011
001001001101011000110000010
001001001101010001000111100
001001001100110111000000101
001001001011101100000101000
001001001010000000011110100
001001001001100011010111000
001001001001011100001111101
001001001001000101100000110
001001001000100100010010011
001001001000010010100000000
001001000111111111100011100
001001000111101001100010000
001001000111001010111110101
001001000110101110010010001
001001000101111100000001111
001001000101110000101100110
001001000101100110010010111
001001000101010000010110011
001001000101001010111001001
001001000100100110111001001
001001000011110001000000011
001001000011101011000010011
001001000011011101111101000
001001000011010000100000110
001001000011001110101001101
001001000010010010001001110
001001000000110110101001111
001001000000101110001101011
001001000000100100111001101
001001000000011100100011000
001001000000010101000111111
001001000000001001010101011
001000111110111111100111010
001000111101010000000101010
001000111101000100001100000
001000111100111110100100010
001000111100010011011100101
001000111011001011111100000
001000111010111111011001101
001000111010110010110100100
001000111001111111100001100
001000111001110111001000010
001000111001101110000110011
001000111001101011010101100
001000111001100001111000011
001000111001001110110111110
001000111001001101101111011
001000111000111110011100001
001000111000101110101010011
001000110111110111101000010
001000110111100110110011010
001000110111011101101100100
001000110111011101000101100
001000110111001111010100010
001000110111001110100000001
001000110111001110000011001
001000110110000000111001011
001000110101111001111000001
001000110101110001111010011
001000110101101110111110010
001000110101010111010100011
001000110100011110110101001
001000110011101101101111110
001000110011100100010111001
001000110011001001111110011
001000110011000110101111110
001000110011000110011110100
001000110011000001101001100
001000110010110110110111100
001000110010110100101010111
001000110010011001001110011
001000110010011001001100101
001000110010000101110001000
001000110001111100101011111
001000110001100100110011001
001000110001010111011111001
001000110000000100000011101
001000101111110001000011101
001000101111011011010110010
001000101111010011110100010
001000101111000100000111111
001000101110111100111001010
001000101110100001010010001
001000101110001100111101011
001000101101110110100000111
001000101101100110101000010
001000101101010001010000100
001000101101001010010010011
001000101101000110001111101
001000101100011001011110100
001000101011111101011110101
001000101011011000110100000
001000101010101011010101101
001000101010010110110010000
001000101010000110000110101
001000101001010110010111101
001000101001010011001000111
001000101000111010100101000
001000101000111000101010001
001000101000011010101101101
001000101000011001100111111
001000101000010000100110110
001000101000001000110101000
001000101000000001010001000
001000100110110111110011001
001000100110110100010111101
001000100110011001101010011
001000100110010110101101101
001000100101001111101101101
001000100101000010101011100
001000100100111010100110101
001000100100010100010010111
001000100100001011111101110
001000100100000001110011100
001000100011101001111001010
001000100011010110011111110
001000100011000011111100111
001000100010010011101011011
001000100010001101101010111
001000100001001000000011010
001000100000101101001001111
001000100000010111010111110
001000100000001011001010110
001000011111101101010000000
001000011111011100110011101
001000011111011010111011101
001000011110010011010010000
001000011101101010101111011
001000011101011101000110100
001000011101011100111110100
001000011101001001110010100
001000011100110010100101110
001000011100100100011111000
001000011100011001100000100
001000011011101101110110100
001000011011010100110000011
001000011011000111001011101
001000011011000100101100101
001000011011000010100000011
001000011010111110111110111
001000011010101111000010110
001000011010101110110011100
001000011010001100110111101
001000011010000110110001000
001000011010000101010011100
001000011010000001000110111
001000011001111110011101010
001000011001111100101011010
001000011001110110011111011
001000011001011100100101011
001000011001010111000100110
001000011001000101100101010
001000011000111100001111001
001000011000100111010001010
001000011000000100111011001
001000010111010011100010000
001000010110101110100001001
001000010110010011001001010
001000010101111101100000111
001000010101110100011001001
001000010101101010110001100
001000010101001000111101100
001000010100100110000000010
001000010100100011011011001
001000010100010101000000011
001000010100000101000001011
001000010011111101001000110
001000010011110011001111100
001000010011010110000001111
001000010011010101110000101
001000010011010101001100100
001000010011000100110101100
001000010010100011010011011
001000010010011101001011110
001000010010001111000010000
001000010010000111110111001
001000010000111100010011110
001000010000011000001010110
001000001111111101001111001
001000001111100000110111001
001000001111010010100100110
001000001111000010100001001
001000001110111010000000110
001000001110100111010001111
001000001101100110011011100
001000001101010110101011100
001000001101010001010010100
001000001100110111000101010
001000001100011011001001010
001000001100000110111110101
001000001010000000011001101
001000001001111110111010001
001000001001111011001000100
001000001001110100011101000
001000001001000110101100100
001000001000110110011000001
001000001000110110010000010
001000001000101100010111101
001000001000101011100000000
001000001000001110100111100
001000001000001000010111000
001000001000000100011101000
001000000111100100111000110
001000000110110000110111001
001000000110100111010110110
001000000110011110110010001
001000000110000111011011100
001000000101110101001111111
001000000101101101101011010
001000000101101001010001111
001000000101010010101100100
001000000100101101100110100
001000000100000011001110011
001000000011110100100011001
001000000011011100000000011
001000000011001111101100110
001000000011001111100001011
001000000011001100111111111
001000000011001010110000010
001000000010001001001001011
001000000001011110110110011
001000000001011011011011110
001000000000111110011110001
001000000000110011000110101
001000000000110010011010101
001000000000010100111010011
001000000000001111111010011
