011111111100111011000010
011111111100110001010011
011111111100011100010001
011111111000111101110111
011111110110100010000111
011111110101111111010101
011111110101001001001101
011111110100011011011100
011111110010100101001111
011111110000011001000111
011111101111111111011101
011111101101001101110010
011111101001110111011001
011111101001011111001101
011111101000010111101111
011111100111101010010010
011111100110110011001100
011111100110100111111101
011111100110100010011100
011111100101101011000001
011111100100100100001111
011111100011011010001011
011111100011010001100101
011111100010111100100001
011111100010000101101000
011111100010000100110101
011111100000101101110101
011111011110001001101111
011111011101101100011011
011111011001110000001001
011111011001010100110011
011111011000111111010110
011111011000111110110001
011111010110011111001111
011111010101101101001111
011111010100001010101111
011111010011011101000001
011111010011000111011000
011111010001111011100111
011111010001010101101100
011111001111010010010010
011111001111000001110000
011111001110101010000101
011111001110011011100010
011111001101101010001110
011111001011101001110100
011111001011100111001100
011111000101011101111110
011111000101011011000111
011111000011111100110101
011111000011101101110000
011111000010011001010111
011111000001110110110010
011111000001101110000100
011110111111110000000110
011110111111101001000101
011110111011010010010101
011110111001100011001011
011110111001011101000101
011110111001000100111011
011110111000001101011100
011110110111111100001010
011110110111111011001111
011110110101110111011011
011110110101010001101011
011110110011110000100110
011110110001010000000101
011110110000111100100110
011110101111111111011111
011110101111101101011101
011110101110101011011110
011110101100100011010101
011110101011111000010011
011110101011010010111101
011110100111111000001011
011110100110111000110001
011110100110100101000000
011110100011011101001110
011110100010110111001011
011110100010010100001010
011110100001111011101111
011110100000110100011000
011110100000001010111101
011110011110011000111011
011110011110010000110000
011110011100011101101111
011110011011010000001101
011110011010010110000100
011110011010010000110101
011110011001110011011010
011110011000010000001000
011110011000001101100101
011110010111110000011100
011110010111000111011111
011110010010110101100111
011110001101110111000001
011110001001111101101111
011110001001101000010110
011110001000011001100100
011110000111000011011101
011110000110110110001100
011110000010110100101101
011110000001111100011001
011110000000111111100011
011101111111100101010100
011101111110011111001101
011101111110011110011111
011101111110010010100011
011101111101111000000010
011101111100000101101011
011101111010111001000110
011101111000111010100001
011101110110010000110011
011101110110000110010010
011101110101011111100001
011101110100000001011101
011101110011111001110001
011101110011101111110011
011101110010100111100100
011101110010001101111001
011101110001111001111011
011101110001100010111001
011101110000011100101100
011101101111100001110101
011101101111011111011001
011101101111010001101010
011101101101110111111101
011101101101110000111010
011101101100101101000101
011101101100101000111001
011101101010010110111001
011101101001111100111110
011101101001001010011011
011101101001001001001101
011101101000110110100010
011101100111111001000010
011101100101111011001010
011101100101110010111100
011101100100101100010111
011101100100000001111011
011101100011111100101101
011101100011001000101010
011101100010011011010011
011101100010001111110100
011101100001100001101000
011101100001001100000000
011101100000000011001101
011101011111110110100011
011101011111100010010001
011101011111001101010000
011101011110111111010011
011101011101111010110110
011101011100101000010000
011101011010010010100101
011101011001001101011010
011101011000101000101001
011101010111110010001101
011101010100011001101101
011101010011101100111001
011101010011000101111100
011101010010001111101010
011101010001011001111001
011101010000010100111011
011101001110100101011011
011101001101001110110010
011101001100110000111111
011101001011101000111111
011101001010010111000000
011101001001110010001001
011101001000010010010101
011101001000010000011011
011101000111001010001000
011101000110101011100101
011101000101111010010010
011101000011111001010011
011101000011101010110110
011101000011010101001000
011101000011000101000101
011101000001111100010011
011101000001100001100001
011101000000111100001110
011101000000110010000101
011101000000011011001101
011101000000010101100011
011100111111111011001101
011100111111110000110101
011100111111000010010010
011100111110001110000111
011100111110000011110011
011100111101110100011000
011100111101000111011000
011100111100100010000110
011100111011111010001111
011100111011001110111110
011100111001110101111101
011100111001001100100001
011100110111110100110101
011100110100100111010101
011100110011111111001010
011100110011010110000011
011100110011001111000000
011100110011000111111001
011100110010100001100011
011100110010000101111001
011100110000110011100111
011100101111111001101011
011100101111001011101011
011100101111001011001111
011100101110000010111101
011100101101010101101000
011100101011111011110110
011100101011000100001010
011100101010111011000101
011100101010010100110111
011100101000001111010011
011100100111011101001111
011100100110001001000001
011100100100100101111111
011100100011011110101101
011100100010100010001011
011100100010000101001110
011100100001010010111011
011100011111100010100011
011100011110111000011101
011100011100011111110101
011100011011111110100111
011100011011011010000110
011100011011001000111001
011100011010110110110011
011100011010010100011001
011100011010010001011111
011100011001110111101101
011100011000110110100010
011100010101100010001000
011100010001010000101111
011100010000110110100011
011100010000110010100110
011100010000110001101011
011100001111001001100011
011100001110111010001011
011100001101001100000001
011100001100011101100101
011100001100010100010011
011100001001100110010010
011100001001010101011001
011100001000011010100000
011100000111101111011010
011100000110110001111011
011100000110101110010100
011100000110011001000101
011100000101010101110101
011100000101001101011000
011100000011101010001011
011100000010101101010011
011100000010011111001101
011100000000101000101100
011100000000010000110010
011011111111111100100011
011011111111100101011110
011011111110111011011101
011011111110010010101101
011011111101110010101101
011011111101011010011001
011011111100010110100110
011011111011101000010110
011011111011100000111101
011011111010111011100011
011011111010000111011010
011011111001110111111011
011011111001101010110011
011011111000011011001110
011011110110110010011011
011011110110101110000010
011011110110000001100110
011011110101110101101001
011011110101010101011001
011011110101001111001000
011011110010101010100110
011011110010101010010101
011011110001000100010100
011011110000110100011101
011011101111111101011100
011011101111110010001111
011011101111010000101010
011011101100111110111011
011011101011101101011011
011011101011101011011010
011011101011011001100001
011011101010010010110010
011011101010010001101001
011011101001011011111111
011011101001000010000111
011011100111100000100101
011011100111010001100010
011011100110111011110100
011011100110000011110111
011011100101101110001101
011011100101000111111001
011011100101000110110001
011011100100001010101010
011011100100001001100001
011011100011111101101111
011011100011100000101001
011011100010111101010110
011011100010010000100011
011011100010001010000010
011011100001100110111001
011011100001011010111010
011011100001001011000111
011011100000011010101011
011011011111110111000111
011011011111011011101100
011011011111001111001001
011011011110110111111000
011011011100010010011001
011011011011111111111101
011011011011110101101001
011011011011100010011001
011011011010001111110001
011011011000111011101001
011011010111111000111011
011011010111001001001111
011011010110101010100001
011011010101100010000101
011011010101010011101110
011011010011100011111101
011011010010101010101101
011011010001100101010101
011011010000101011000101
011011001101010111110111
011011001100111010011000
011011001100011101111001
011011001011110100101110
011011001001101111011100
011011001001001001000011
011011001000101000110111
011011001000101000110100
011011001000100011111001
011011001000011110011001
011011000111000111010101
011011000110101110001110
011011000110100111001010
011011000110011001000011
011011000110001110001001
011011000110001100010000
011011000110001011000011
011011000101101111001011
011011000101011000100001
011011000100111100001110
011011000011011000111101
011011000011001111101110
011011000010111110101101
011011000010001100101001
011011000001111000011111
011011000001110101111000
011011000000111111111001
011011000000111000100100
011011000000011101101110
011010111111010010001011
011010111111000001111000
011010111110111000000001
011010111110011001100010
011010111101111000010100
011010111101101100001000
011010111100111110011010
011010111001001010100000
011010111000111110111001
011010111000001011101001
011010110111110101101001
011010110111100100001001
011010110110011111110110
011010110101001000011101
011010110101000101011100
011010110011111111111000
011010110011001100111111
011010110001000100001110
011010110000111001110011
011010110000101111001111
011010110000001001000011
011010101110000010100110
011010101101000110101001
011010101101000011011011
011010101101000011000101
011010101011000010111101
011010101010001001001100
011010101000011011101100
011010101000010101101011
011010100111000110111101
011010100010011001101110
011010100010010100101111
011010100000111010011010
011010100000010110001011
011010011111000000000100
011010011110111111001111
011010011110101111100100
011010011101100001000111
011010011100110111100001
011010011011110000001010
011010011011000010000100
011010011010001000110011
011010011001011100001001
011010011001010111010010
011010011001001011000011
011010011000100100100101
011010010110111111000111
011010010110010100110111
011010010110001111000111
011010010100101010110001
011010010011111010100100
011010010010111100101001
011010001111011000010100
011010001110001100111011
011010001110001000111011
011010001011010011100001
011010001001011110001010
011010001001000011001100
011010001000111100100011
011010001000001101011001
011010000111110101001011
011010000111101000011001
011010000111011100010111
011010000111010001001001
011010000100111111001000
011010000011111101011000
011010000011111001111001
011010000011001000111000
011010000010000011011111
011010000000011100101111
011001111111011110001010
011001111110010001010110
011001111110001110011001
011001111100111011011100
011001111010100110101110
011001111001100010001101
011001111000011110100011
011001110111100110011001
011001110111100000001000
011001110111011010110000
011001110110101101010011
011001110110100110000001
011001110110000011101010
011001110100000101011100
011001110011010010100101
011001110010110101111101
011001110010011100001001
011001110010011100000100
011001110001010100010001
011001110001000101101000
011001110001000001011011
011001110000101010111111
011001110000010100111010
011001110000010100111001
011001110000001101010100
011001101111100000100001
011001101111001111011001
011001101110110101100111
011001101101100011110001
011001101101100001000001
011001101011011111110010
011001101001101001011011
011001101000110110010001
011001101000011101101011
011001101000001010011111
011001101000000001100011
011001100111101010000100
011001100111100110111110
011001100111010011001001
011001100111010000110010
011001100110110101001101
011001100110101011011000
011001100110011100111000
011001100101100111111101
011001100100101100111100
011001100011101101011101
011001100010101100000110
011001100010000010101111
011001100010000000111011
011001100001110101000000
011001100001110001000110
011001100000110111000111
011001100000100110001111
011001100000000110111111
011001100000000110001001
011001011110010010110111
011001011100100001000111
011001011100011110110100
011001011100010100011111
011001011011011010010001
011001011011010101111110
011001011011001100010110
011001011010000011010001
011001011001100000011101
011001011000100010111111
011001011000011000001001
011001010110111000000000
011001010110011010110001
011001010100000110011111
011001010011010111000010
011001010011010100101100
011001010001100001100000
011001010001010110010011
011001010001010100100011
011001010001000101010000
011001001111101100001101
011001001111100001001101
011001001111000111101111
011001001110011001000111
011001001011111110001010
011001001011010110101010
011001001011001110000001
011001001010010100001110
011001001001000010001001
011001000111101010110111
011001000111011011001010
011001000110000110010110
011001000100111101111001
011001000100100010111001
011001000100010110101101
011001000100010100001111
011001000011111101010110
011001000011011011001100
011001000011001000110011
011001000010010011001010
011001000010000010100110
011001000000110101101100
011001000000000100100000
011000111111110010111001
011000111101011011111100
011000111100100101011101
011000111100010010110100
011000111011010101110111
011000111010111011000000
011000111010011011001101
011000111001011001101111
011000111001001111010111
011000110111110110010101
011000110111101100100000
011000110111011111010001
011000110101111100101001
011000110101110101000111
011000110101101011000110
011000110101010010001011
011000110100110000110000
011000110011111111110001
011000110011111110001110
011000110011101001011100
011000110011011101111100
011000110011001110110010
011000110010110101000110
011000110010101101000110
011000110001111101110110
011000110000110000110111
011000101110111000000101
011000101110011001110111
011000101101101100000111
011000101101010110101001
011000101100111100100111
011000101100101010111101
011000101100010001011100
011000101011101110001110
011000101011010000100011
011000101010101110011010
011000101010010001111001
011000101001011010100101
011000101000100110010110
011000101000010001110101
011000100111101111001101
011000100111101111001100
011000100111100111001010
011000100111000110000000
011000100110111101100001
011000100110010001110110
011000100101011110101100
011000100100101110110111
011000100100011111101101
011000100011111101101011
011000100011100001100001
011000100011001001111000
011000100011000100100001
011000100010110111100011
011000100001100110100100
011000100001011110011101
011000100001011100011010
011000100000110110000010
011000100000010111000100
011000011111101100111001
011000011110110100011100
011000011101100110000001
011000011100110100100001
011000011100010000110001
011000011100001000111110
011000011011101111011111
011000011010100111010001
011000011010010111111100
011000011001001101001001
011000011000111111101111
011000011000100110110111
011000011000000100000101
011000010111001111111101
011000010111001001110111
011000010101001111111011
011000010100101000110011
011000010100011100000111
011000010011000000001100
011000010010101111001011
011000010010100011101010
011000010010001111010111
011000010001101101011000
011000010001011100101111
011000010000100010101011
011000010000011000001011
011000001111110100010000
011000001111100100000011
011000001111011101011001
011000001011000110011011
011000001010000111010001
011000001000111111010101
011000001000100000111101
011000001000001111100111
011000000111010001110100
011000000110100010001101
011000000110010110100101
011000000110001100100011
011000000100100101111100
011000000100100011111011
011000000011101000101001
011000000011100110010111
011000000010110010111001
011000000010001000001111
011000000001100010000010
011000000000101000111100
011000000000011111111001
011000000000010111011100
010111111111111100000010
010111111111011010110110
010111111110011001011110
010111111101101110111101
010111111100000001001101
010111111010010001000010
010111111001111111011000
010111111001111100000001
010111111001011100010010
010111111001000010101000
010111111000000110001010
010111110111100111011001
010111110111011111001100
010111110110011011111101
010111110110001011100101
010111110101111100010000
010111110101101100110111
010111110100000111101111
010111110011110111000000
010111110011101101111000
010111110011101000001101
010111110011011100111010
010111110010110101010111
010111110001010101110001
010111110000111100010001
010111110000110101000110
010111110000110010010011
010111101111011101100111
010111101110010010101011
010111101110001001000010
010111101101100011001011
010111101101010101111011
010111101100110011001111
010111101100001110011011
010111101100001010111000
010111101011110101100001
010111101011100001001000
010111101011010011011010
010111101011010000110011
010111101011001000100101
010111101010101110100001
010111101001111001001001
010111101001110101011100
010111101001100111100111
010111101001011010001001
010111101000001011011001
010111101000000010010110
010111100111111000010101
010111100111011110000011
010111100111011000111101
010111100111001110011110
010111100110111110101000
010111100110011100111100
010111100110010111011000
010111100101111100100000
010111100101101000111011
010111100100111100000101
010111100100100110101011
010111100100011110000000
010111100100010001011010
010111100100001010000101
010111100011101011000111
010111100011100001101010
010111100011001111011111
010111100010110101111111
010111100010110000000001
010111100010011110010001
010111100010001010110101
010111100001101001101100
010111100001011100111101
010111100001000001101111
010111011111111100000010
010111011110111011110011
010111011110110001111011
010111011101111100001011
010111011101001110100001
010111011100101011000100
010111011010100101011110
010111011001101110111100
010111011001000010111001
010111011000110010010001
010111011000101000110100
010111011000011000110111
010111010111111001010101
010111010110110100111110
010111010110001101101111
010111010110001001000110
010111010110000011111111
010111010101010100111100
010111010101000011010011
010111010100111100100100
010111010100111011001010
010111010100101100100011
010111010100001010001101
010111010011011011000111
010111010010110000110100
010111010010010101010011
010111010000101001001110
010111010000010111000101
010111010000001100001100
010111001111110011010001
010111001111100011101000
010111001111000010110111
010111001110110110011100
010111001110101111010100
010111001110000110111110
010111001101101000111000
010111001101000000010001
010111001100101110011001
010111001010110000100011
010111001010101010010001
010111001001100011010010
010111001001011001101000
010111001000101001011101
010111000111101101001001
010111000111100011100000
010111000110101100000110
010111000101011000011000
010111000101000101100000
010111000100110011000101
010111000100100110101010
010111000100011101100001
010111000011011000110100
010111000010100011011011
010111000010011000100011
010111000010001111101111
010111000001111101111000
010111000001111010111100
010111000001000111101110
010111000000010000101111
010110111111001111001101
010110111111000011111011
010110111110110100110111
010110111101110111000101
010110111101100110001101
010110111101000110111111
010110111101000101010100
010110111101000001111101
010110111100111011101101
010110111100010001110111
010110111011101001001011
010110111011100001111110
010110111011100000100010
010110111011001101101001
010110111010100001001111
010110111001111111110111
010110111001010111000101
010110111000011111101011
010110110111111001010110
010110110111111001001111
010110110111100101011101
010110110111001110100001
010110110110011001101110
010110110110000110101001
010110110101110101101001
010110110101100101101011
010110110101100100110111
010110110100101010101101
010110110011101011101100
010110110010001101110110
010110110010001011001011
010110110001101011001010
010110110000110101000111
010110110000110001101100
010110110000000010100000
010110101111110000001111
010110101110101100001000
010110101110100000001010
010110101101111101000001
010110101100100001011110
010110101100010110100010
010110101011111011010000
010110101011110101001011
010110101011001101000100
010110101010110111111001
010110101010001100101111
010110101010001010000100
010110101001111000010000
010110101001001010010001
010110101000110110100001
010110101000101101001001
