011111111111011000000110
011111111100011100011101
011111111011000001100110
011111111010110111100111
011111111001101101010011
011111110100111010100001
011111110011010000111010
011111110010000010110001
011111110001111000110111
011111101011100111000100
011111101001100100101011
011111100110001100110101
011111100000111001000000
011111100000100000110111
011111100000100000011011
011111011110111001110101
011111011101111101010001
011111010111000010110000
011111010110010101010100
011111010001111100010101
011111010000011010110110
011111001110010111101001
011111001010011111100111
011111001001100111101101
011111001000111001101100
011111001000101100000011
011111000101011011000101
011111000010111010111010
011111000010100110110000
011111000010001110111010
011111000001111101011000
011110111111100000000111
011110111010111110010101
011110110100011011000110
011110110100010110101001
011110110011001011000111
011110110000010101010100
011110101001001100001110
011110101000101110010100
011110100111011011001100
011110100111000000010000
011110100110101000001000
011110100110100000000111
011110011110100011101100
011110011010011110011100
011110011001110011111101
011110011000011011100100
011110010100100001001101
011110010011010001101001
011110001110110111001011
011110001100101010110111
011110001010011000011100
011110001000111010110100
011110000011011000011100
011110000010010001101100
011101111101000111010011
011101111011011011000101
011101111011010000001010
011101111010101000011011
011101111010001110111001
011101111010001110001010
011101111001011010110000
011101111001010110010101
011101110110100000101110
011101110110000011111011
011101110101101010111111
011101110100000100110101
011101101010101100100001
011101101001110100000111
011101100010101011010110
011101100001010000001010
011101100001001001111001
011101011111101000110011
011101011110111110001110
011101011110000011110100
011101011101101110101110
011101011010100011001010
011101011001100010101011
011101010101101110101101
011101010101011011001000
011101010010011110101100
011101010001111110110001
011101010001111011111110
011101010001101010001011
011101010001010111000010
011101010001010100001011
011101010000100101110100
011101010000010110001011
011101001101101000100100
011101001011010001001110
011101000001100001010011
011101000001010001001011
011100111111000000101110
011100110110100000011011
011100110101111011011001
011100110011110000001100
011100110010101010101000
011100110010100111010111
011100110001011000001011
011100110001000110100010
011100101010101001100100
011100100111110100111100
011100100001001110010001
011100011110001100101001
011100011010111000001001
011100010011000101010110
011100010001011000100111
011100001110010000110011
011100001101100000100010
011100001001010111110110
011100000101111001111001
011100000101000110011000
011100000100100100001000
011100000100100010000001
011100000011110010001110
011100000011000000011110
011100000010111011010001
011100000010101010111101
011011111110110111000001
011011111101010000011000
011011111100010100111110
011011111010111111101101
011011110110100011000101
011011110100001100101110
011011110100001100011100
011011110001000101110010
011011101111111100100111
011011101001110100110001
011011101001100100010000
011011101000001011100111
011011100101010001111010
011011100010011010100001
011011011110111000101001
011011011011000110101111
011011011001100001011010
011011010100010110100000
011011010001010010000011
011011001111001010000010
011011001101110011001001
011011001001100000000100
011011001000010100110000
011011000000101101000010
011011000000000001000011
011010111111010000001010
011010111100001110110001
011010110111110110100001
011010110111101010000111
011010110100101100011000
011010110000011100110110
011010101101100111101111
011010101100011111000111
011010101011000110111100
011010101010110100011101
011010101010011001101010
011010100111101111000100
011010100101101001100111
011010100010011010000111
011010100001000011001000
011010011101010111100000
011010011100111101001001
011010011100110000101010
011010011100101100101010
011010011100001101001100
011010010011101110111000
011010010001110000111101
011010001100100001011111
011010001010010100101000
011010001000110100010010
011010000010001101001111
011010000000100111001110
011010000000010100011010
011001111111100000100110
011001111111010111110100
011001111110000111011011
011001111010110100100010
011001111010101101100010
011001111000001110010101
011001110111110110010010
011001110111110100100101
011001110101011100111010
011001110100110100011111
011001110010000001101010
011001110001110010010011
011001110000111010010101
011001110000000011110011
011001101111110010000111
011001101101011000100000
011001101100001111101001
011001101001011011110011
011001101000111101010111
011001100110110111100110
011001100101111110110111
011001100011110000101000
011001100000011110011011
011001011111011110001010
011001011101000000101011
011001011010000011001100
011001011001100101100101
011001010111010010100001
011001010111000000000101
011001010110000011111100
011001010011100001011101
011001010011010100010101
011001010010010100101000
011001010001000100010100
011001001101111000000010
011001001101101011000111
011001001011011101100001
011001000111000100110011
011001000101010100101010
011001000011100101001011
011001000011011101000110
011000111111110111101101
011000111101100111001100
011000111101011000110101
011000111010001101101111
011000111001111100001001
011000111000101000010111
011000111000001101011000
011000110111100111001110
011000110110101001111011
011000110110011000111110
011000110100110100011001
011000110011000101010101
011000101101100100101110
011000101010010001100001
011000101001111000100011
011000101001110010101011
011000100101110010101000
011000011110111101111111
011000011110001011110010
011000011101100001111110
011000011011110101111001
011000010111001101100111
011000010110010101110100
011000010110000101111101
011000010100010001001110
011000010010011111010111
011000010010001001101000
011000001110111101011101
011000001110101110101000
011000001110011111000100
011000001110010100101111
011000001110001010111011
011000001110000111011110
011000001101111110011111
011000000111000001100101
011000000101101000110100
011000000101001000101100
011000000100010000000000
011000000100000010110100
011000000011100110010100
011000000011000111101000
011000000010011010010111
010111111111010001001010
010111111110011111011111
010111111110000110101110
010111111001111001001110
010111111001010101011100
010111111000011111010000
010111111000010001110110
010111111000001011110100
010111110100111001111100
010111110100111001010111
010111110001111011000001
010111110001001010000100
010111101011100100001011
010111101011011000001100
010111101010001100011101
010111101001011111011000
010111101000100011011001
010111100110001010100110
010111100101100000011101
010111100011100011100010
010111100010111001010010
010111011110101001001000
010111011110011100101101
010111011100000011001100
010111011011110101001000
010111011011000111000110
010111011010011001000000
010111011001110101111110
010111011001001010000000
010111011000000111011101
010111010111110011101101
010111010110011001001010
010111010110000011111111
010111010100010100000011
010111010100001111001110
010111010011010001010011
010111010010110000000000
010111010001010011011011
010111001111011011101010
010111001111010111011001
010111001110111100101111
010111001110001000100111
010111001101110000011000
010111001011110111110010
010111001010011010011010
010111001010000001110001
010111001001010100001011
010111001000111101000000
010111000111000111110001
010111000111000011001000
010111000110011011111110
010111000110001100100011
010111000100001110101010
010111000010110101110000
010111000001011011001101
010111000000011100001011
010111000000000110100010
010110111101011111110001
010110111100101011010101
010110111100100110001010
010110111100000001010111
010110111011100101010011
010110111010110011000101
010110111010101111111000
010110111010001000001011
010110111001101100001110
010110111000111010111111
010110111000110111111101
010110110110100110101111
010110110110100110001111
010110110110001010100101
010110110011110010100001
010110110010110001111011
010110110001011101110100
010110110000010111011001
010110101101010010011000
010110101011110110010111
010110101010110110011011
010110101000111110100001
010110100100111010011111
010110100100110010011111
010110100100011101100001
010110100010110101000010
010110100010011100111001
010110100000011100111001
010110011110101111101110
010110011110100000000110
010110011110000010110000
010110011101000100011010
010110010111111110100110
010110010111010101110110
010110010110110010010000
010110010110101101001101
010110010110010000111100
010110010011011000101010
010110010011001111101010
010110010010010101111110
010110010001000001110011
010110010000100101001010
010110001110111001111110
010110001110110011110100
010110001110101000011010
010110001101011000001100
010110001100001001101100
010110001010010101101010
010110001000110001001000
010110000110111111011010
010110000110111101101101
010110000101010110110010
010110000010011001010011
010101111101111010101000
010101111101101000101100
010101111001001011111000
010101111000010010101001
010101110101011101011010
010101110100111110110001
010101110100100111110011
010101110100001100101010
010101110100000000011011
010101110011010011111110
010101110010100110011101
010101110010011110100110
010101110010011010110000
010101110001011000010011
010101110000101110101011
010101101110101011111010
010101101110010100001010
010101101001101000101110
010101101000101010000111
010101100110001101110111
010101100101110001111011
010101100010000000111101
010101100001011101101111
010101100000001010111001
010101011111000000011010
010101011110011001111110
010101011101001101001101
010101011101000110011001
010101011100101111101001
010101011100100100101100
010101011100001100100101
010101011011001000101100
010101011010001101110100
010101011000100000111000
010101011000011101011010
010101011000000101110110
010101010111110101110011
010101010111101011101001
010101010111010010101111
010101010110001011110100
010101010011111011101001
010101010001100010001111
010101010001000100000111
010101001111100101100011
010101001111100000011101
010101001101100001011101
010101001100110110100000
010101001100110011110110
010101001010101111110111
010101001010100101100001
010101001001010110100010
010101000110010100010011
010101000101001000110111
010101000101001000101110
010101000100110110100111
010101000010111001110010
010101000010111001000110
010101000010010100001110
010101000010000010011010
010100111111100111101101
010100111111100011010001
010100111111010010011000
010100111110100000010101
010100111101110010100111
010100111101101001111111
010100111011100011100110
010100111011000111101000
010100111000111000011001
010100111000011110010000
010100110110111101001011
010100110110100011111111
010100110101000110000111
010100110011000000100000
010100110010111111100000
010100110010000001001111
010100110001110010101110
010100101111101000001111
010100101101011001010100
010100101011011010001000
010100101010100011100101
010100101001110011111000
010100101000100000001001
010100100110001100000010
010100100101111100101001
010100100100111010001001
010100100010110101001000
010100011111011100000000
010100011010101001111111
010100011001000110111000
010100011000100010000111
010100010111101001100010
010100010111100000100110
010100010111010101001011
010100010101001110101011
010100010101000100111101
010100010100000101001100
010100010011101100111000
010100010011000101110110
010100010010101000011100
010100001111111001001010
010100001111110111001100
010100001110111101110001
010100001110011101111001
010100001011111100110110
010100001011000100011100
010100001010010100111111
010100001001000110001100
010100001000110011010010
010100000111111111000001
010100000111010100011110
010100000110001110010000
010100000110001001011110
010100000101101111001100
010100000101010111001010
010100000101010011001010
010100000100001101000100
010100000011011001011110
010100000001110110011010
010100000001001010101000
010100000000111100100010
010011111111111111100001
010011111111010110000010
010011111110111110011010
010011111110001110011010
010011111101110111111001
010011111101010010010110
010011111101001001110110
010011111011000101111001
010011111001111000110101
010011111000010001111000
010011110111101000100001
010011110110111101101101
010011110110000100010111
010011110101010100011101
010011110011001000111011
010011110010011011100011
010011110001111101011100
010011101110100001010111
010011101110011101110001
010011101101101100011000
010011101101010110111000
010011101100111011110011
010011101100010010010110
010011101100010000100010
010011101011100111100000
010011101011100110010100
010011101011001111011010
010011101001100011101001
010011101001010100011111
010011101000111110110111
010011101000011011011000
010011100111001101111010
010011100110000110000000
010011100100011100101111
010011100011011001010101
010011100011001011000011
010011100011001001111111
010011100010100100101001
010011100010001000001101
010011100001011100101100
010011100000111101011100
010011100000010111000110
010011011111011011110101
010011011110101000110111
010011011101100011100011
010011011101100011001011
010011011011001110110010
010011011001010110101111
010011011000100100100011
010011010110010010101010
010011010101110011001011
010011010101011000011110
010011010101010011011111
010011010101001011101010
010011010100010111010111
010011010100010010011001
010011010011001110000101
010011010001110011000010
010011010001101000111110
010011010001001111010100
010011001111101000001110
010011001111000100111110
010011001101101101010001
010011001101101000100010
010011001100100101001001
010011001100011011111011
010011001001000001110110
010011001000000001110001
010011000110101010101010
010011000110100000111001
010011000110011010100110
010011000011110100001100
010011000010001001001110
010011000001000110000110
010010111111010100101001
010010111110101010000000
010010111010110100010001
010010111010100101000110
010010111000100000011111
010010111000000101111110
010010110111110110010000
010010110111101111011011
010010110111011010011001
010010110110110110011110
010010110110100101101010
010010110101111110011110
010010110100011101100101
010010110100000110111111
010010110011100010011010
010010110011011111100001
010010110010110000111011
010010110010000101010010
010010110001111001100111
010010110001001011000000
010010110000111101111001
010010101111111110010111
010010101111101011010010
010010101100110110111111
010010101100100011001110
010010101100000111111100
010010100110111111101011
010010100101110100011011
010010100101010011000000
010010100100111000100001
010010100011110110010011
010010100011110010011110
010010100011010001110000
010010100000011000111010
010010100000000100010010
010010011111101011101101
010010011011111101101111
010010011011100111110011
010010011011000111000000
010010011010011101110101
010010011010001011111001
010010011001110110001010
010010011000111111000111
010010011000101110110111
010010010111101100011110
010010010111001101110101
010010010110101000011101
010010010101111111001101
010010010101001101011100
010010010100010011010011
010010010011100000011101
010010010011001111101101
010010001111111000011100
010010001101000000001111
010010001100111111001010
010010001100011111100111
010010001100001010101110
010010001011000110000011
010010001010100100010001
010010001000111101110110
010010000110010010010000
010010000101111010111101
010010000101001011100101
010010000100100011001001
010010000010110011000101
010010000010110010010000
010010000010101111111011
010010000000001010111011
010001111111101101001000
010001111111100111101111
010001111111011010100110
010001111101000011001001
010001111010110111111101
010001111010010111010000
010001111010000010100000
010001111001011111111101
010001111000110010010111
010001111000100110001111
010001111000100010011100
010001111000011001000110
010001111000011000000000
010001110111111111110101
010001110110111100011100
010001110110110111001100
010001110110110001100101
010001110101110110011101
010001110101101100111111
010001110100100101110001
010001110100001111001100
010001110011110000101110
010001110011101010011011
010001110011000100111100
010001110010001101001110
010001110001000110011101
010001101111100100001111
010001101110100101100010
010001101110100100111101
010001101101110101011111
010001101101101001101000
010001101100101011010100
010001101011101111110011
010001101011011001000110
010001100111110100001110
010001100111001011101000
010001100111001001110111
010001100111000100101101
010001100110111011100111
010001100110100010111111
010001100101111111100001
010001100101010101101010
010001100100000100000010
010001100011111110011000
010001100011100100000000
010001100010100000010010
010001100010000010110001
010001100001011000000010
010001100001000011100100
010001100000111110100011
010001100000000001010110
010001011111011000100100
010001011110011000111110
010001011100010100110111
010001011100000011010010
010001011010000001101010
010001011001010000000101
010001011001001111100110
010001011000101000011000
010001010111101110011111
010001010110011111010010
010001010110001001111101
010001010101011000010100
010001010101010111111110
010001010101001100001010
010001010100000100010100
010001010010010011011111
010001010001001111111101
010001010001000100000011
010001010000110001111111
010001010000011110110111
010001010000001011111101
010001001111100111001001
010001001111000110101010
010001001101110011101001
010001001100100111010000
010001001100010101001011
010001001011101011101100
010001001010101100111101
010001001010100101011000
010001001010100000010000
010001001010000101011101
010001001001000000010000
010001001000011100101000
010001000111011100001011
010001000110110101100001
010001000110101110111000
010001000101111101011011
010001000100101010010100
010001000011110100110100
010001000011010111101111
010001000011001001111001
010001000010100001010001
010001000001101010000000
010001000000111010000101
010000111111100101110010
010000111101000101000010
010000111100110101100001
010000111100101011001000
010000111100010011110110
010000111100010001011010
010000111001111001010011
010000111000101011100010
010000110110010110100111
010000110010011000000100
010000110000110110110010
010000101111111110001010
010000101110011010010010
010000101110011000010111
010000101101101001011111
010000101101100100100101
010000101101011111000100
010000101101010010001111
010000101101000010110100
010000101100100011010010
010000101100001010010011
010000101100001001011100
010000101100000111000100
010000101011101101010110
010000101010111011101001
010000101010100010011100
010000101010010001001101
010000101001100101111010
010000101001010101011010
010000101001010101000010
010000101000000001110011
010000100101100101000101
010000100101011011001111
010000100100111100101011
010000100100110111110101
010000100100100101011000
010000100100011000100001
010000100011010110110011
010000100010100011011001
010000100001011110001110
010000100001001110000000
010000100000111011110011
010000100000111011101000
010000100000010010100110
010000100000001000101100
010000011111111110010000
010000011111110101011011
010000011110011000000100
010000011110001111001011
010000011100110110110000
010000011100110011110000
010000011100100100011101
010000011100011111010010
010000011011010101011110
010000011010110110100010
010000011010100001001000
010000011010011001101000
010000011001001111001011
010000011000001111101011
010000010111001001110101
010000010111000011110110
010000010110111101110011
010000010110111000011111
010000010110100100010011
010000010101001101101011
010000010011010000011101
010000010010110101001101
010000010001101101101001
010000010001010000101010
010000010001010000010101
010000010000101011110111
010000010000001100110101
010000001111001001011111
010000001110011111011011
010000001110010110001010
010000001101111011110101
010000001101101111111011
010000001100110001010111
010000001100011001011011
010000001100000000100000
010000001011110001000101
010000001011011111110101
010000001010000001110001
010000001001100001111010
010000001000100001010001
010000000111100111000001
010000000111011000010111
010000000101000100001011
010000000100000001100000
010000000011100010000100
010000000010000100101011
010000000001011011000000
010000000000000111001010