0100000000001001011100111
0100000000011011111111101
0100000000011100010001100
0100000000100000010100100
0100000000100001110100101
0100000000101010000011011
0100000000101011111101010
0100000000101100010111011
0100000000110110110101001
0100000000111110010001001
0100000000111111011111000
0100000001001001000000101
0100000001001001101011100
0100000001010001010110011
0100000001010011000100111
0100000001011001111000111
0100000001011010111011000
0100000001011100110001011
0100000010001100111011011
0100000010010111001011110
0100000010011111000110100
0100000010110000000011110
0100000010110110010000010
0100000011001100000001110
0100000011001100010011111
0100000011001101111111011
0100000011010010111110111
0100000011010100011100100
0100000011101100101001000
0100000100001010011100100
0100000100011001100100011
0100000100011100101101101
0100000100011101111001100
0100000100110000111101110
0100000100110001110001101
0100000100111111010010101
0100000101001111010100011
0100000101110100110110100
0100000101110111101011001
0100000110001101111010110
0100000110011010100100111
0100000110100001011011001
0100000110100011000010011
0100000110110010011100011
0100000111010110110111111
0100000111011011000111100
0100000111100101001011101
0100000111100110111001101
0100000111101101101000100
0100000111110011110100100
0100001000001011010011101
0100001000010110011101001
0100001000010111110000101
0100001000011011111100110
0100001000100001110001110
0100001000101101001000010
0100001000110011101000001
0100001000111010001111101
0100001000111101111111110
0100001001001011100010101
0100001001001101010001000
0100001001010110000100101
0100001001011011101111001
0100001001100110000001000
0100001010010010111001000
0100001010100100100110101
0100001010111011100011011
0100001010111100000011100
0100001010111101110000111
0100001011010000100001001
0100001011100011001100010
0100001011111111110000111
0100001100000100101011101
0100001100001011101000001
0100001100001101010011000
0100001100001111100100011
0100001100100111101100000
0100001100101000101000000
0100001100101110001000001
0100001100101110010101000
0100001100111100111100000
0100001101001000101000010
0100001101001011100100010
0100001101011010011011101
0100001101011110101011111
0100001110001110100000010
0100001110001110101110101
0100001110100100111000000
0100001110101101110000110
0100001110101101110011010
0100001110110010000000111
0100001110110111010001001
0100001110111110100101001
0100001111000100010100100
0100001111001000110100101
0100001111001011001110111
0100001111010101111000111
0100001111011001100100101
0100001111100001110010001
0100001111100010010000001
0100001111101100110011111
0100001111101101010000011
0100010000000010100110101
0100010000001111110111010
0100010000010101111011111
0100010000101111000010000
0100010000101111000010010
0100010000110001001010110
0100010000110100110101011
0100010000111010000001101
0100010001010100110111100
0100010001101011001100011
0100010001110101010001110
0100010001111000100111110
0100010001111000101001011
0100010001111100111001001
0100010010000001001100110
0100010010011110101000010
0100010010110110101111100
0100010010111010010100100
0100010011010011111111001
0100010011110011001010011
0100010100000110011011100
0100010100011001000110110
0100010100100001011110101
0100010100100110100010110
0100010100101010010110011
0100010100101101011101010
0100010101000010001101101
0100010101010111110110100
0100010101110110101110100
0100010101111000111011111
0100010101111011010011100
0100010110000000111011000
0100010110000110111111111
0100010110001110111101100
0100010110010110100010000
0100010110011001111100111
0100010110101010110000111
0100010110110011000010110
0100010110110011011000011
0100010110111000100111010
0100010110111010101101010
0100010111010100111110001
0100010111011111001011010
0100010111100000001001011
0100010111110011110000101
0100010111110101011101010
0100011000000101101101001
0100011000001001011000110
0100011000010011100110001
0100011000100000111000000
0100011000111110000000010
0100011001010000110001010
0100011001011100110000101
0100011001011111010001011
0100011001101001001101000
0100011001101110111110100
0100011001110101101000000
0100011010010111011010001
0100011010011001001010111
0100011010011111101000101
0100011010100000111011000
0100011010100011111010011
0100011010110011001100111
0100011010110100010100011
0100011010110101011011111
0100011010110110001111110
0100011011000000111111111
0100011011001011000110011
0100011011010011110110001
0100011011100111101001111
0100011011101111111110100
0100011011111000001100110
0100011100000011011100011
0100011100001000011100100
0100011100100011001000001
0100011100101000100000010
0100011100101101001101101
0100011100111010010110110
0100011100111100000110111
0100011101010101001101101
0100011101010110001001100
0100011101010110001011000
0100011101011000010111000
0100011101011010001101110
0100011101100010000110000
0100011101110111000111000
0100011101111001110011101
0100011101111100110010110
0100011110001101000010110
0100011110011000011000010
0100011110011110101110110
0100011110100000010101000
0100011110111111010110101
0100011111001000101100000
0100011111010011100101000
0100011111011111110011111
0100011111101001110101110
0100011111111111000000000
0100100000010000001010111
0100100000101000000111110
0100100000110111010111011
0100100001000111000000101
0100100001100110011011010
0100100010010001100010110
0100100010011111000000011
0100100011000110111101111
0100100011001000000110010
0100100011001010001100101
0100100011001100010100110
0100100011010000101000000
0100100011110000001111101
0100100011110100001111000
0100100100001000000000001
0100100100001011001101110
0100100100001111000001111
0100100100011110011000000
0100100100011111110010101
0100100100100010010111000
0100100100100110010001000
0100100100101001000111011
0100100100101100101110010
0100100100111011101011110
0100100101011010010010000
0100100101011101000111111
0100100101100111110110111
0100100101101101100000010
0100100101110010101011111
0100100101110010110100100
0100100101111000000101010
0100100101111010010100100
0100100110000000011110000
0100100110000000111101110
0100100110010000011110111
0100100110010000110110111
0100100110010010111101100
0100100110010101100111100
0100100110011110000000100
0100100110100110101101011
0100100110101001001010111
0100100110101010001110000
0100100110110000110100000
0100100111000100010111010
0100100111010100011100000
0100100111100010010001001
0100100111101000001111001
0100100111110010000011101
0100100111110010000110110
0100100111110011001110110
0100100111110111111000101
0100100111111001101010101
0100101000001001110101000
0100101000010111110100101
0100101000011101110001001
0100101000011110110010111
0100101000100000110011101
0100101000101011101011100
0100101001000001110001011
0100101001000011110111011
0100101001001011101101011
0100101001010001011111010
0100101001010101101100010
0100101001010110110111001
0100101001011001010000110
0100101001011101011100111
0100101001100001100010010
0100101001100011100100011
0100101001111001111101001
0100101001111010101010111
0100101001111111000100111
0100101001111111111111110
0100101010000011010101101
0100101010000011110101101
0100101010000110010111001
0100101010000111100110000
0100101010010000110000100
0100101010010010001101111
0100101010011011000111011
0100101010100010011011111
0100101010110111111101100
0100101010111100001110110
0100101011000010001001000
0100101011001001101100010
0100101011010000101010001
0100101011010010111101011
0100101011010011101011010
0100101011010100000101100
0100101011111101001110111
0100101100000001010010110
0100101100000111011000100
0100101100010101101000101
0100101100010110010011011
0100101100011010001000100
0100101100011101110000010
0100101100100010010111110
0100101100100110010001110
0100101100101000101000111
0100101100110001000011001
0100101100111111011101010
0100101101001100000000000
0100101101011110011000011
0100101101100001011100010
0100101101100100011001000
0100101101101011111010100
0100101101110001101010101
0100101110000000010110001
0100101110010001010011011
0100101110100011100000110
0100101110100101100101000
0100101110101000111110001
0100101110101110110101111
0100101110110010010000110
0100101111000010010011111
0100101111000110011001001
0100101111111000000011111
0100110000000101110000011
0100110000001001010010001
0100110000010101101110100
0100110000100010000000111
0100110000100011100010111
0100110000100101000101001
0100110000101000010101001
0100110000101001001010000
0100110000110101101101110
0100110000111110010011000
0100110001000011111011011
0100110001000110110111111
0100110001011001011001011
0100110001101101000100100
0100110001110101011100101
0100110001111010111000111
0100110001111110111110100
0100110010000000101100110
0100110010010110101110001
0100110010101111100001001
0100110010111110010110010
0100110010111110111111011
0100110011000001000001110
0100110011000100011011101
0100110011000100110100100
0100110011010111000000111
0100110011100010110110100
0100110011100110100111110
0100110011101110110010000
0100110011110101100110111
0100110100010100001011001
0100110100100011001000101
0100110100100100001000100
0100110100100111100110010
0100110100101110100100011
0100110101001110010000001
0100110101010010100111000
0100110101010100000011000
0100110101010101000110011
0100110101010101100001000
0100110101011100100000101
0100110101100111111100100
0100110101110010000101000
0100110101110110000111000
0100110110010101010100011
0100110110010111010010100
0100110110100010100110010
0100110110100110101000000
0100110110110000010010101
0100110110110000100111010
0100110110111110011011111
0100110110111111001001011
0100110111000010111100001
0100110111001110000101011
0100110111010010110010110
0100110111100110111100110
0100110111100110111111110
0100110111100111010010110
0100110111101000011101000
0100110111110011011011001
0100110111110111110100110
0100110111111010101100011
0100110111111111111111000
0100111000000010010000111
0100111000000100000100101
0100111000001100001010001
0100111000010011011100101
0100111000010101000010101
0100111000010110001101011
0100111000011111110000011
0100111000101000011100001
0100111000110111111110011
0100111000111011111010001
0100111001000010000010111
0100111001000111011100011
0100111001001100000011110
0100111001100011111110110
0100111001110100100111010
0100111010000110001110001
0100111010001000110010000
0100111010001001011000001
0100111010011010011100011
0100111010011011101011111
0100111010100100110011111
0100111010110101101000111
0100111010110101110000111
0100111011000001101001100
0100111011000101100101100
0100111011000110011110000
0100111011010001100101001
0100111011011011001101110
0100111100000011010000100
0100111100000101001110111
0100111100000101101010101
0100111100010001010110101
0100111100010101000110011
0100111100010101001111000
0100111100011010100100101
0100111100100100111101011
0100111100110100101010010
0100111101010111110011010
0100111101011010000101000
0100111101011010001001100
0100111101100000111101001
0100111101100101010110011
0100111101100110110000111
0100111101101001011110101
0100111101101010001101010
0100111101101101011000010
0100111101101101111011000
0100111101110001010011101
0100111101111011000000011
0100111110001111010001010
0100111110010100111010011
0100111110010111010011011
0100111110010111110110010
0100111110100100001111001
0100111110101000000110100
0100111110101110011111011
0100111111000001011110100
0100111111000110000111000
0100111111001001111110101
0100111111010001000101001
0100111111010011101100011
0100111111010100100111100
0100111111100010110101111
0100111111111010000011011
0100111111111101101010011
0101000000000010000101111
0101000000000011001101101
0101000000000101101111011
0101000000001011110110000
0101000000011110011010010
0101000000100100110110010
0101000000110100100001001
0101000000110100110111000
0101000000111000000110111
0101000000111010101000001
0101000001001000001000101
0101000001001011100111111
0101000001001101001001011
0101000001001111001101101
0101000001011110001101010
0101000001011110011101110
0101000001101000110101000
0101000001111100000111100
0101000010001001010111110
0101000010001011010101000
0101000010100101010101111
0101000010100111100011110
0101000010101001100010001
0101000010110011011010110
0101000011001011010111100
0101000011001101000110110
0101000011010001001001100
0101000011010100001001100
0101000011010101011100011
0101000011100000001001000
0101000011100100011011110
0101000100000100001100111
0101000100000111010001100
0101000100010001111110110
0101000100100010100100001
0101000100100100101110011
0101000100110100011110101
0101000100110101010101100
0101000100110111010010111
0101000100111100011000011
0101000101000000011001101
0101000101001000010101001
0101000101010111010100110
0101000101011011111011111
0101000101100001100011000
0101000101101110110001100
0101000101110010101011111
0101000101110101000000011
0101000101111010110010010
0101000101111111001100111
0101000110000110010001111
0101000110001110110000101
0101000110100011110000100
0101000110101000111011011
0101000110101001001100000
0101000110101001010110101
0101000110110001000101001
0101000110111101100001000
0101000111001101101001100
0101000111100110110010001
0101000111101000011110010
0101000111110011101001111
0101000111111010110001001
0101000111111110101111111
0101000111111111010101011
0101001000000110111011111
0101001000010011011001101
0101001000011001011110101
0101001000100001101001110
0101001000100111111011000
0101001000110000111010110
0101001000110111011111001
0101001000110111111101011
0101001000111000111001010
0101001001000011000100111
0101001001110010100001010
0101001001110101111111000
0101001001111001110100001
0101001010000000101101001
0101001010011100110000001
0101001010011110110010010
0101001010111001011110101
0101001010111101101010101
0101001010111111011100110
0101001011000011110001001
0101001011000111000111111
0101001011001010111110010
0101001011001110001000111
0101001011101011100111110
0101001011101011110000110
0101001011101100101010000
0101001011110101000110001
0101001011110111011111010
0101001100001000010100000
0101001100011100001100011
0101001100110111110101100
0101001100111011010010111
0101001101010101000100111
0101001101011100011000010
0101001101100000000111010
0101001101100100000111111
0101001101101000010111000
0101001101101100010011011
0101001101110000100011011
0101001110000000101110001
0101001110000001010010011
0101001110000101111110111
0101001110001101000110000
0101001110100101101101011
0101001110110010101110011
0101001110111000011000101
0101001110111010010110110
0101001110111111000001110
0101001111010010111000001
0101001111010100001001101
0101001111100010101110100
0101001111101100001110001
0101001111110000001011001
0101010000000101011000001
0101010000000111011100000
0101010000001000010000011
0101010000001100100010101
0101010000010010001001111
0101010000100010010101010
0101010000110100000010011
0101010000111010111001000
0101010000111011111100001
0101010001001111111111101
0101010001010101111111110
0101010001011011101100110
0101010001100000011111000
0101010001111100010111111
0101010001111111000010111
0101010010000001110000010
0101010010000100010110110
0101010010000101101000110
0101010010001000110111101
0101010010001010100101101
0101010010010100101101101
0101010010011010101110100
0101010010011010110110111
0101010010110010010111101
0101010011000011000000110
0101010011000111011111111
0101010011000111100101111
0101010011010101001110000
0101010011010111101100010
0101010011011110110001100
0101010011100010001100100
0101010011100011000101001
0101010011100111010011111
0101010011110010110001111
0101010100000011100110100
0101010100000110011001111
0101010100100100101111110
0101010100110001110000110
0101010100110011000111101
0101010100110111110010001
0101010101000101000011110
0101010101010010100001000
0101010101100110100010101
0101010101110001111101111
0101010101110011100001000
0101010101110100111010011
0101010101111001000001010
0101010110000010000001000
0101010110010110101100001
0101010110011101100100011
0101010110110000011000110
0101010110110001000100010
0101010110110100110000010
0101010110110101110010100
0101010110111000001000100
0101010110111010110000100
0101010111000001111110000
0101010111000100111010100
0101010111000110111100001
0101010111001010111000101
0101010111001011110000011
0101010111001101011111100
0101010111001111100110110
0101010111101011001101101
0101011000000000100110100
0101011000000010101001101
0101011000000100100111101
0101011000001011000111100
0101011000001101100000010
0101011000001101110001111
0101011000011111000110000
0101011000100000111100111
0101011000100011110110010
0101011000100110011110100
0101011000101100000111001
0101011000101101101010101
0101011000101110101001010
0101011000101111000011011
0101011001001000110111000
0101011001001100111011111
0101011001001111111110001
0101011001010010010001111
0101011001011010010100101
0101011001100000011010111
0101011001100010101001101
0101011001100101101100010
0101011001100110011110001
0101011001100110100000011
0101011001101001001000100
0101011010000101100011100
0101011010000111010000110
0101011010001010000011001
0101011010001110011011010
0101011010011001111000100
0101011010011010001100101
0101011010101000100110110
0101011010110011011011101
0101011010111010111010000
0101011011000100000000110
0101011011000111101100111
0101011011001000100110010
0101011011001110010110100
0101011011100000111111010
0101011011100010110100101
0101011011100101010010111
0101011011101010011100111
0101011011101101111000111
0101011011101110000111000
0101011011110000010100011
0101011011110011001110010
0101011011110101011011100
0101011011111001000011001
0101011011111001101100001
0101011100000000000111011
0101011100000010011110100
0101011100000011110001010
0101011100001000110111110
0101011100100000011001001
0101011100100100100101100
0101011100100101000010101
0101011100101010111110100
0101011100111000110110000
0101011100111101100010001
0101011101000111011011000
0101011101001000001110110
0101011101001001101110101
0101011101001100010111000
0101011101010110000001001
0101011101011111011010000
0101011101110010011010010
0101011101111010100100111
0101011101111101101011010
0101011110001100100101010
0101011110001100100110000
0101011110010100010001010
0101011110010100101110010
0101011110011001000010110
0101011110011111010001110
0101011110100010110001111
0101011110101010100011000
0101011110101011100110100
0101011110110000111011110
0101011110110001100101101
0101011110111000011001010
0101011110111010101110001
0101011110111100010100101
0101011111000011000111101
0101011111000111101101000
0101011111010111110100100
0101011111011011010110110
0101011111011101000101101
0101011111011110011001100
0101011111100100110001001
0101011111101100010111100
0101011111101110001100010
0101011111110001011001111
0101100000000101010110001
0101100000001000100101101
0101100000001011110010110
0101100000010011101000011
0101100000011101001011010
0101100000011101100110100
0101100000100011011110100
0101100000100101110010101
0101100000110001000111011
0101100000111010011111001
0101100001000011001011011
0101100001000101101100100
0101100001000111001101001
0101100001001010011011110
0101100001001100100101011
0101100001010110000000111
0101100001011111100010001
0101100001011111111000110
0101100001100110001101000
0101100001110000001100001
0101100001110101111100001
0101100001111100100011010
0101100010000010110100111
0101100010001011110101001
0101100010001101101011010
0101100010010010111111101
0101100010010111101001011
0101100010011101100100100
0101100010100001101101011
0101100010100001111010110
0101100010100010010000101
0101100010100101111010101
0101100010100111010010001
0101100010101000011011011
0101100010110010100101010
0101100011000100001111101
0101100011101000110011101
0101100011101011001010010
0101100011111100110010001
0101100011111101111010100
0101100100010000110110001
0101100100010001011111101
0101100100010101010000110
0101100100100101000100111
0101100100100101001101001
0101100100101111010111010
0101100100110001100110101
0101100100110011010100001
0101100100110111111010111
0101100100111100100010101
0101100101000001010010010
0101100101001001000111000
0101100101001100110111011
0101100101100111011100001
0101100101101110101011010
0101100101110001101111011
0101100101110011010100000
0101100101110111010001110
0101100101111000101100011
0101100101111011100110100
0101100101111100011111001
0101100110000000110101010
0101100110000010110011100
0101100110000101010001101
0101100110001101110000101
0101100110001110011010000
0101100110010001100111110
0101100110010010010111110
0101100110010010011010000
0101100110010110000000100
0101100110011100000011110
0101100110011101100010100
0101100110100000000100001
0101100110100100001001001
0101100110100111100010100
0101100110101001001010010
0101100110101010011100010
0101100110110011011000110
0101100110111100011100011
0101100110111100101001011
0101100110111111010001010
0101100111001011100100001
0101100111010110001010010
0101100111110111000010000
0101100111110111100000101
0101100111111010011111100
0101101000010110111100000
0101101000011110100110101
0101101000100001010010110
0101101000100011001000111
0101101000101000001101101
0101101000101110000110111
0101101000110011001111010
0101101000111011100010110
0101101001001011100111000
0101101001001110101110101
0101101001001111011010000
0101101001010101110010001
0101101001011011000010111
0101101001100011000001110
0101101001100011111010010
0101101001101000010110010
0101101001101110111110100
0101101001110000000110100