011111111111011110001110
011111111101001010000100
011111111001010011000101
011111110111101001001101
011111110101111011110011
011111110011001001110111
011111101111000111011101
011111101011000100001000
011111101010000100100001
011111101001010001010111
011111100110011011110111
011111100011011101001110
011111011001100101100111
011111010111011010010110
011111010101101110000010
011111010100101001011101
011111010011100011100111
011111010010101010000000
011111001011000011100111
011111001001001001100110
011111001001000000110100
011110111111100111100100
011110111110010011110100
011110111100111100000000
011110110101111000101000
011110110001001000001110
011110101001111001000100
011110100110100001111100
011110100101001011101010
011110011111000110011110
011110011000000000011000
011110010101011111101111
011110010100111001011000
011110010011110011100111
011110001111111101110111
011110001011100101100011
011110000100110101011100
011110000100101110010110
011110000000011001010100
011101111110000011110011
011101111001000000000011
011101111000101111110111
011101111000011000001001
011101111000010010111000
011101110100100110010100
011101110100011000100011
011101110011010001010011
011101110010011100110110
011101110010011011110100
011101110010001110101001
011101101100000100010010
011101101010100101001110
011101100011011110011011
011101100000011000000111
011101011101111100100101
011101011000011111110001
011101010110111100001100
011101010011111010001110
011101010001111111110100
011101001111010010100010
011101001101100010111111
011101001100110001000111
011101001001011110000001
011101001001000110101100
011101001001000001111100
011101001000011100010111
011101000111010111100100
011101000101110110011101
011101000101001011100100
011101000000011001101010
011101000000010110000011
011101000000001010011001
011100111101110010110010
011100111101001110010010
011100111001001101010001
011100110110110010110011
011100110101010000010110
011100110001000111100111
011100101111000011010000
011100101110101011000111
011100101110011101001001
011100101101110111110001
011100101101110101111101
011100100101110011100100
011100100101010110011010
011100100101000001100101
011100100010101000000111
011100100010000011001001
011100100001000111010010
011100100000110010100000
011100100000000100001111
011100011111011011010011
011100011111001111110011
011100011100000011010011
011100011011101101101010
011100011010110010100111
011100011001110010011000
011100011001001111101010
011100010011100111001010
011100010010010000101010
011100010010000100100111
011100010001111001110111
011100010001101111100001
011100010001010110001000
011100010000101110100110
011100001110011011110111
011100001110001100100110
011100001011010110100101
011100001001011111001001
011100000110101101101011
011100000100000000010000
011100000010111010101011
011100000001110110010001
011100000000011100001000
011011111110110000100000
011011111110100101010100
011011111110100100000000
011011111011110001010110
011011110011111111000000
011011110010011111010000
011011110010001011111000
011011110001111111001111
011011110001011110010010
011011110001000001101010
011011101010100110001101
011011101001101110010010
011011100110101000101001
011011100110100001000010
011011100100011011110000
011011100100011000001001
011011100000111010110100
011011011010011110001000
011011011001101110111001
011011010111000100010101
011011010100101000000000
011011010010001110100110
011011001101110000000100
011011001100001010011100
011011000110111000110111
011011000110011000100010
011011000101110100111000
011011000100011110000111
011010111111010110110110
011010111101011000111111
011010111011010000010101
011010111001111101010110
011010110111111101001010
011010110111101010101000
011010110010101111010001
011010110010000100111110
011010110001110111000101
011010110001100111011001
011010101001110001111011
011010101000101101111101
011010100101100001101010
011010100101001100111010
011010011010011001000111
011010010110010011110011
011010010011111010101001
011010010010111101010010
011010010000111101111100
011010010000011101011010
011010001111100010000100
011010001111000000111010
011010001110100001001111
011010001101011101101011
011010001011111111010001
011010001001010010000010
011010000111011010000000
011010000110010000010011
011010000011000100111011
011010000000111100000011
011010000000010011101100
011010000000010010100100
011001111111101101100100
011001111100111000011111
011001111100111000001011
011001111100101100011011
011001111011100010110000
011001111000101111000000
011001111000000001011010
011001110111011000110011
011001110110101011101110
011001110101001010011000
011001110011010011111000
011001110011010000001101
011001110010101011110010
011001110010011110111011
011001110010010000100110
011001110001111100100110
011001101110111001011011
011001101110011011110111
011001101101000011101111
011001101100001000100100
011001101001110111010001
011001101001100111110001
011001101000011111010101
011001101000010010010000
011001100111000011110001
011001100011110101100010
011001100001111110001000
011001100001000010010111
011001100000110001100100
011001011111001111010100
011001010110010110111000
011001010101010011010100
011001010100011010011100
011001010011111000100000
011001010010101100100101
011001001110101111011011
011001001110101110001010
011001001110000000000100
011001001101110111110101
011001001101011110110000
011001001100001000100001
011001001011010000110011
011001001011001110010000
011001001010110000010010
011001001000110100000001
011001001000011111010000
011001000001111110001110
011001000001110110010010
011001000000000001110010
011000111101001101110011
011000111100100010000100
011000111011111100010111
011000111011100001001010
011000111010100011111010
011000111000111010001001
011000111000100101110100
011000110101111110001111
011000110010011100101010
011000110001011100010001
011000101111101010110110
011000101101010111011110
011000101011011110010000
011000101011001100101100
011000101001101100011010
011000101000011000100001
011000100111101101110001
011000100111011000110110
011000100111001000011100
011000100110001111000100
011000100011010000001011
011000100001101111111101
011000100000111100000111
011000011011111100101101
011000011011000101110101
011000011010110000011010
011000011001111101111110
011000010101110011001010
011000010101010110001100
011000010100111100100111
011000010100000110011011
011000010011000111010100
011000010001111001110111
011000001110111110100011
011000001110111011010111
011000001110111011010011
011000001110100101111010
011000001110011011001100
011000001110000001011001
011000001100101110000111
011000001100100010000011
011000001100010000111101
011000001011101100010110
011000001011100111000000
011000001010111100001001
011000001010000010011010
011000001000011111100001
011000000010011100011101
011000000010000111010100
011000000001011110111100
010111111100100001111111
010111111010111010000011
010111111010011001100000
010111111000101001011001
010111111000011001010101
010111110111100110011000
010111110111100010111011
010111110100101101111110
010111110100100010100011
010111110100010111100110
010111110100001011011110
010111110011010011111111
010111110011001000010010
010111110001100001001011
010111110001100000100001
010111101111010101001000
010111101111010000000010
010111101110101100011110
010111101110101010001001
010111101110011000001010
010111101101001101100000
010111101100101111011100
010111101010011100101011
010111101010010111001111
010111101010000001010000
010111101000110100011010
010111100111101001110110
010111100111100001000111
010111100110010101000000
010111100010100000111010
010111100001100001101010
010111011110010001010000
010111011110000110011010
010111011101111111100010
010111011101101010110100
010111011101010101101100
010111011101001111111110
010111011011111110001010
010111011000100000000110
010111010100000010111110
010111010001111100101100
010111010001110010111100
010111010000111000000001
010111010000000110100101
010111001011110111000010
010111001011101000100010
010111001011000110111010
010111001010110101101100
010111001010000000001010
010111001001101010000010
010111001000011010111110
010111000100010100000101
010111000011111011111001
010111000010101001110100
010110111100111001001110
010110111100110010001000
010110111100100001011001
010110111010001100100011
010110111010000011111001
010110111001100010100000
010110111000111011101000
010110110110001011110000
010110110101011000001011
010110110100110001111101
010110110100010011001011
010110110010001111110110
010110110000111011101001
010110101101000111000110
010110101101000110110011
010110101100100010101101
010110101100010111100101
010110101011111100011000
010110101010101000101100
010110101001111001111101
010110101001000011010000
010110101000111100010000
010110101000100001001100
010110101000011001001110
010110100101011110001010
010110100100011111101010
010110100100000110111110
010110100011001010101100
010110100010111011110000
010110100000111011010000
010110011101100000110111
010110011100111101001011
010110011011110010110010
010110011011010010101001
010110011010100001000101
010110011001110011111011
010110011001100111001100
010110011001100111001010
010110011001010001000100
010110011000110111001111
010110011000100111011111
010110010111101011001000
010110010100000110001110
010110010011110011011111
010110010011011110010001
010110010010110101011111
010110010001000100010110
010110010000110000010110
010110001111100000011000
010110001110110110011111
010110001110001001000110
010110001110000001000000
010110001101111110010001
010110001101101100001000
010110001010100100011000
010110001010100010100010
010110001010010101111001
010110001010000010100011
010110001001111000010001
010110001000000111010010
010110000110111101101010
010110000110010000100100
010110000110000000110110
010110000011100100101110
010110000010010110111111
010101111111110001011110
010101111110000110011101
010101111101101000111111
010101111101100101101000
010101111011100110101101
010101111011010011110001
010101111010111011011101
010101110100100010011011
010101110100001010000011
010101110011111101101101
010101110010101000110010
010101110001111000001101
010101110001000001010110
010101101111111110000100
010101101111001001100010
010101101110110001001010
010101101110101111111100
010101101110100101100100
010101101110011010000000
010101101100110010000111
010101101100001000100110
010101101001100101001111
010101101001100011111101
010101100111011001111101
010101100100100111111011
010101100010111001100101
010101100010010011110101
010101100001001011101101
010101100000000000001111
010101011111000001101111
010101011101010001111100
010101011011111000101111
010101011010100100001011
010101011001100011101011
010101011001100011010010
010101010111010000101110
010101010110000010010101
010101010101000101100100
010101010011101011100011
010101010011011111001010
010101010011011010101111
010101010011000011000101
010101010010011110001100
010101010010011000101000
010101010001110011111001
010101010001001001111101
010101010000110001111111
010101001111110010011100
010101001101001000100011
010101001100111110101011
010101001011101101010100
010101001010101100011010
010101001010010111110000
010101001001000101101100
010101000110110101000001
010101000101100111111001
010101000100110110001011
010101000100110101000011
010101000100011110100011
010101000010111111100011
010101000010001111001100
010101000001111101000000
010101000001010000111110
010101000000011100011110
010100111100111100100001
010100111100101100001000
010100111010110000101000
010100111010101010001101
010100111001110011001011
010100111001001010100010
010100110111110110011101
010100110111101100011010
010100110110111110001101
010100110110111010010000
010100110101101010001000
010100110101100001000110
010100110100000110111010
010100110011101111101111
010100110010101110111101
010100110010010111101010
010100110001011110111100
010100110000111110001011
010100110000010111110100
010100101111010010011001
010100101110001010100000
010100101101101010101010
010100101101101001111001
010100101100010000000011
010100101011110011000111
010100101010011111001000
010100101000011100101110
010100100111111000111101
010100100100010010000011
010100100010100101100110
010100100010010011000010
010100011111110110010101
010100011101100011101100
010100011100101101100001
010100011011101010101101
010100011001111001101100
010100011000110001101001
010100010111101011010111
010100010110101101000001
010100010100100011111010
010100010011110011111111
010100010001001100100000
010100010000111101100011
010100001111000111100100
010100001101001000100101
010100001010110000001000
010100001001101111100011
010100001001101100111110
010100001001101000100110
010100000110111000000001
010100000110110000100011
010100000110011101100111
010100000110000001001101
010100000101000100110011
010100000100000110011110
010100000010101110001001
010100000001101010101111
010100000000010110111101
010011111110010000101110
010011111101101101110110
010011111100011011011111
010011111100010100111110
010011111010010110111111
010011111001101001111001
010011111000111011010011
010011110111001111110111
010011110111000111001101
010011110011011101110110
010011110010100110000010
010011110001100011010011
010011110001000011001000
010011110000110101000111
010011110000001111011000
010011101111110100100110
010011101111000111010110
010011101100010011001000
010011101011101000001111
010011101000110000111100
010011100110011111000111
010011100110010010101100
010011100101111000110100
010011100100011011010001
010011100011111101000101
010011100011011110011001
010011100011010111000001
010011100011010011101110
010011100001101101110000
010011100000111111011100
010011100000111000010011
010011100000110100100101
010011100000010101110110
010011100000001010001011
010011011111111111111010
010011011111011111110101
010011011110111101000000
010011011110100001100001
010011011101001010110001
010011011011111001100100
010011011011101011001000
010011011010110110011010
010011010111110100001011
010011010111110001011110
010011010111100000100101
010011010101101100001111
010011010100111111110000
010011010100110001010001
010011010100001011010010
010011010010110101011100
010011010010100101011111
010011010010100011110011
010011010010100010110100
010011010001111100110011
010011010001101001111111
010011010001011010101111
010011010001000100100101
010011001111101010000010
010011001110000000000110
010011001101010000011000
010011001011110001010110
010011001010110010111011
010011001010011110010101
010011001001011111000110
010011001000001110100011
010011000101010111000101
010011000100101100101101
010011000010100111100101
010011000010011100111100
010011000001111110001101
010011000001011011100001
010010111111100111100111
010010111111011111110001
010010111101110111010111
010010111101100110111111
010010111100011101011011
010010111100010011100011
010010111011100000001001
010010111010110001000111
010010111010100010111010
010010111010011110000011
010010111010000011100011
010010111001111011011011
010010111000111101101110
010010111000011110110111
010010111000001101100011
010010110110110100111100
010010110110001011010101
010010110101100100011001
010010110101100011100111
010010110101000000000000
010010110010100100100001
010010110010011100010010
010010110001010011011101
010010110000101101101100
010010110000000000101101
010010101111101011100110
010010101110011111100011
010010101110010011101101
010010101101111110101001
010010101101111101111110
010010101101011011011101
010010101101001000010111
010010101011110111011010
010010101011011110010110
010010101010111110111010
010010101001011011100100
010010101000000101001011
010010100111010011111001
010010100111001010000111
010010100110011100011100
010010100101010001000101
010010100101001010111110
010010100100111101100111
010010100011101101001010
010010100011100011100110
010010100010101110110010
010010100000010001100000
010010011111101101111101
010010011110011111100000
010010011101011101011010
010010011100000111011111
010010011001111001001000
010010011001001011101110
010010011000000110111000
010010010101001100000010
010010010011010101110001
010010010011000000001111
010010010010110110000001
010010010001110011000110
010010010001011101110000
010010010000100010011001
010010001111110011101111
010010001101001100100011
010010001100110101101010
010010001100101100001101
010010001100101001011011
010010001011111011000110
010010001011110111101001
010010001010111111001010
010010001010111001110000
010010001010111001001100
010010001000100111100000
010010000111111010010111
010010000111001110111100
010010000111001001000100
010010000110101011101010
010010000101110100110101
010010000100010101100010
010010000010110100000101
010010000010010010010010
010010000001101110110110
010010000001000011000100
010001111110110010101100
010001111110000100001011
010001111101010010011111
010001111010101011100010
010001111010001011000101
010001111010000010000011
010001110110011011001011
010001110110000000110000
010001110110000000011100
010001110101100011011011
010001110101010111101111
010001110100011101001111
010001110100000111011110
010001110011000110001011
010001110010000101100011
010001110001110001100101
010001110001011111110001
010001110001011101111011
010001110001000010000011
010001101111100110001101
010001101111100000110010
010001101100111100100010
010001101100011000000001
010001101011101110011011
010001101010110001000111
010001101010100100100001
010001101010011111001111
010001101001110110101010
010001101001011111000110
010001101000000101110100
010001100111101001001010
010001100111000100000110
010001100110011100100001
010001100110000001101000
010001100101111111000011
010001100101111100001010
010001100101100011111010
010001100101010110111101
010001100100010101100100
010001100011111100101010
010001100010011000101010
010001100000100111110100
010001100000010111011110
010001100000001100101111
010001011111111100110001
010001011111011001010101
010001011111010111100011
010001011110111001000000
010001011101100001000100
010001011101011101010000
010001011100111001100101
010001011010101111110011
010001011010100011111000
010001011010001010001001
010001011001111001101101
010001011000110010011111
010001011000000101010110
010001011000000100011010
010001010111100000100100
010001010111001111100110
010001010110101100101011
010001010110001011101010
010001010110000101110011
010001010101110100010001
010001010101110011111110
010001010101110000111000
010001010101011111111000
010001010101010011111010
010001010100100101010000
010001010100001101010101
010001010100000001001001
010001010011101011010100
010001010011001101001100
010001010011001001110001
010001010010110110110111
010001010001110001001100
010001010001010101011001
010001010000010000101110
010001010000001110000010
010001001111011100000000
010001001110110100000101
010001001101100101010101
010001001011010010000010
010001001011001001011011
010001001010100111100100
010001001010000011011011
010001001001000001110000
010001000111111110000101
010001000111111101000110
010001000111011011111101
010001000111001010010110
010001000101010011000100
010001000101010001001000
010001000010010001000010
010001000010001101101110
010001000010001001101010
010001000010001000100011
010001000001101011100001
010001000000001100001110
010000111111110001110101
010000111111001011001010
010000111110110011000111
010000111110011101011101
010000111110011000000011
010000111110010001000110
010000111101011110110000
010000111100110010110111
010000111100001011011100
010000111011111011111110
010000111011101111001000
010000111011100000101000
010000111010111101001000
010000111010110001100000
010000111000010110110011
010000110111111110101110
010000110111111011000010
010000110101101010011010
010000110101000110010100
010000110100001100001011
010000110100000111011111
010000110011110001010111
010000110001101100110100
010000101110100101011100
010000101110100000100100
010000101101111010011111
010000101101111010011010
010000101101110010111001
010000101101100001100001
010000101100010000010111
010000101011111100111011
010000101011101111100100
010000101011011101111010
010000101011001111100000
010000101011001001001010
010000101011000100101000
010000101010111110111101
010000101010110001110010
010000101010010011111000
010000101010000101111101
010000101001011101011000
010000101001010100111100
010000101000010001111110
010000101000001101100011
010000100111011000100011
010000100110100101010010
010000100110011101100010
010000100110010001001101
010000100101110011100110
010000100101110010010100
010000100101001110000000
010000100101001100010000
010000100100000011010001
010000100001100011101000
010000100000111101111011
010000100000111101000001
010000100000011001000110
010000100000001001001101
010000011111101000101111
010000011111010011101001
010000011110110001111011
010000011110010011110011
010000011101010000111011
010000011101001100000010
010000011100010101100111
010000011011110000111000
010000011011100101000001
010000011011011100010100
010000011010110110001110
010000011010100111111010
010000011000010000000011
010000010111111110001011
010000010111010010000101
010000010110110100001100
010000010101110011110110
010000010101100111010101
010000010101011111011011
010000010101011000101100
010000010100111110001001
010000010100111101011111
010000010100001110001001
010000010011101101100110
010000010010011010001111
010000010001110001100110
010000010000110000111100
010000010000000110101100
010000001111100011111010
010000001111011010001110
010000001101011110100011
010000001101010100110011
010000001101001011111001
010000001101000110010000
010000001101000110000100
010000001100000110001101
010000001011011011110011
010000001010011110100001
010000001010011010101000
010000001010000111110000
010000001001000000011111
010000001000100010001110
010000001000010111011001
010000001000001111010101
010000000111100000011011
010000000111001011001001
010000000110101111100001
010000000101111101010000
010000000101011100100100
010000000010100010110100
010000000001010110011101
010000000000110110100110
010000000000001100110100
