100000000001000110110101
100000000011101011100010
100000000111101011111111
100000000111111101001110
100000001001101111010000
100000001010110111110000
100000001011100000010101
100000001011100110010011
100000001100110011110001
100000001110110010110001
100000001111110000101010
100000010001000011111001
100000010010000011101110
100000010011011111010011
100000010100100010000111
100000010100100110111011
100000010100110000011101
100000010110011000000010
100000011101111010010010
100000011110011101011101
100000011111000100010111
100000100000001010010110
100000100100100110111111
100000100100111011101000
100000101001001010010100
100000101001110100110001
100000101010000110110101
100000101010110010100101
100000101011010100100111
100000101011111011100110
100000101100011011101011
100000110001000110001110
100000110001000111101010
100000110001010000101101
100000110010100110001000
100000110010111110010110
100000110101101000100011
100000111000110001100100
100000111101001000111001
100000111101101011110101
100001000001110000000110
100001000010111001110011
100001000011011111011111
100001000100000111111100
100001000100110010101011
100001000101011010011100
100001000110000101010011
100001001000101000010101
100001001000101110000011
100001001001011101011000
100001001010100101000001
100001001110011101000000
100001010000100000000011
100001010001011001000001
100001010001101100110110
100001010010011011110111
100001010101100011100101
100001010101110000011000
100001011000000010111100
100001011001100010010111
100001011010001010000111
100001011101011111001000
100001011101110011110101
100001011101111100000011
100001011110100111000101
100001011111011111011101
100001100010000001110110
100001100100110011100000
100001100101111000010000
100001100110000010110010
100001101001001011110110
100001101010001000000001
100001101011000001001011
100001101011110001000111
100001110000001000011110
100001110000100011001101
100001110000111110010101
100001110001011000011000
100001110001100101001101
100001110010000101100100
100001110010010110110000
100001110011111100000101
100001110100111000010000
100001110100111001100100
100001111000100100101101
100001111011001011000101
100001111011110111111011
100001111011111000110111
100001111110000000111111
100001111110011001101101
100001111111100000011100
100010000000000010100111
100010000000001011011101
100010000000110101101100
100010000010101000001011
100010000101010000000100
100010000101101100000010
100010001010011010101000
100010001100011100010111
100010001100101001111000
100010001101011000010111
100010001111011100101000
100010010001100010101001
100010010100101010000000
100010010110011011101100
100010010110101011000111
100010010110111001000000
100010010111100001111000
100010011000111011010111
100010011100001000111011
100010011101001101010011
100010100000001000010010
100010100000001111000011
100010100000110011101011
100010100000111101111101
100010100001010101001111
100010100001101111010011
100010100010110110111011
100010100011010100001010
100010100011101000010001
100010100100001111011101
100010100100011000000110
100010100100101001010101
100010100100111110010011
100010101001010000010000
100010101100100100011000
100010101100111000101100
100010101101001100001110
100010101110001100101001
100010101110100100010010
100010101110100111000000
100010110001010010100110
100010110001100100111111
100010110010000001101101
100010110010011011101111
100010110011010011100011
100010110011100010111101
100010110011101100101001
100010110011110000101100
100010110111110000001011
100010111000011000100010
100010111000110110100100
100010111001001101011001
100010111010011100111111
100010111011011001010100
100010111011101111011000
100010111100001101011101
100010111100010101001010
100010111100010101100000
100010111100101111011110
100011000001001000011110
100011000001011001010111
100011000001110100111001
100011000010100000001010
100011000100010001010101
100011000100010100011101
100011000110100010110000
100011001000001101101001
100011001001010111011100
100011001010110001010011
100011001011010101101101
100011001011011110100100
100011001100010111010101
100011001111001111001010
100011001111100001010000
100011001111111001101001
100011010000101100011110
100011010001001110010111
100011010001010000100011
100011010001100110010100
100011010010000010111101
100011010010011000101110
100011010010111100011000
100011010011000010101100
100011010100000010000010
100011010100011001010011
100011010100100110000010
100011010101011000010011
100011011001000000000000
100011011001101001010010
100011011001101101110000
100011011010101000001101
100011011100110000101101
100011011101011110110110
100011011111000000001001
100011011111001000000111
100011011111010110110110
100011011111110000101110
100011100001001111101110
100011100010101100000100
100011100101100110111001
100011100110110111001001
100011100111010101100111
100011101001101000000011
100011101001101000001011
100011101010110011100100
100011101010111000000001
100011101011100010011100
100011101100011111101010
100011101101000010000011
100011101110001110010011
100011101110011000101010
100011101111001100111111
100011101111010011011010
100011110000010110001110
100011110000101101000010
100011110000111100110001
100011110001111111011100
100011110010101100011011
100011110101001010011111
100011110101101101001011
100011110101111110001010
100011110110001010111111
100011110111001001011101
100011111000010011111100
100011111000100101110100
100011111001000101010100
100011111100001000101101
100011111100101000011111
100011111101000111110111
100011111110010100101000
100011111111110010000110
100011111111110110010001
100100000000101111110010
100100000001000110011101
100100000010110101010011
100100000100010001000000
100100000101100110000010
100100000101111110101011
100100000110001101011011
100100000110101101000001
100100000111000010000011
100100001000011110010010
100100001001111011010111
100100001001111110110100
100100001010111100100100
100100001100011110001100
100100001101010110011000
100100001110010110111111
100100001111010100010010
100100010000101100010000
100100010000111110010010
100100010001110010001110
100100010010011111101010
100100010011011001011111
100100010100000001111010
100100010100000011111100
100100010100000111010010
100100010100101010111110
100100010100111000010101
100100010101000011100000
100100010110100110100111
100100011001010010111100
100100011110110111100000
100100011111001110011100
100100100001111010001101
100100100010000101001110
100100100100111101101001
100100100101000011111110
100100100101101000101010
100100101000000010101001
100100101000000011111010
100100101001100110110011
100100101001111100100111
100100101010001101001111
100100101010111010000100
100100101011100111000011
100100101100010101001101
100100101101100001010110
100100101110000101111000
100100110010001000010011
100100110011001110101001
100100110011101100011101
100100110011111011101110
100100110100100010010000
100100110100110000000010
100100110101001100010010
100100110101010100111000
100100110101111111000110
100100110110010010010001
100100110110101010010010
100100110111111100101101
100100111000000010111111
100100111000100010001110
100100111000101001100000
100100111000101001110110
100100111001001100110101
100100111010000111100110
100100111010010101111110
100100111010101110100000
100100111011010110000111
100100111011110111000101
100100111100000110110101
100100111100010011010001
100100111101101010000110
100100111111000010000000
100100111111000011111110
100100111111011101011100
100101000001010100101110
100101000010111011100010
100101000111111010010000
100101000111111110111010
100101001000011011110100
100101001100101111011101
100101001101111001101101
100101001110010011110000
100101001110100101101001
100101001111010110110001
100101010000001111110110
100101010001000001100010
100101010010010001111011
100101010100101101011100
100101010101001011100111
100101010101010010001011
100101010110001111110111
100101010111000010110001
100101011000001111111111
100101011000011000100010
100101011001000011011100
100101011010000011100011
100101011010001110011011
100101011101000111010011
100101011101010001000011
100101011101011101110100
100101100000010000111010
100101100000011101010111
100101100001101100001110
100101100001110011011111
100101100010010101100100
100101100100100100001111
100101100101011110100000
100101100110011011000101
100101100111100001000110
100101100111101110111000
100101101001100101010100
100101101010111110100010
100101101011010000100111
100101101011110011000101
100101101100000011110011
100101101100000111100100
100101101100111011011010
100101101110000110111011
100101101110001000011100
100101101110011101110110
100101101110011111110000
100101101111100011111011
100101110001000001001001
100101110001001000011100
100101110001001001000011
100101110001101110010001
100101110001110101000000
100101110100001100100110
100101110100110001000010
100101110100110101111110
100101110100111111111100
100101110111110011110010
100101111000010101110010
100101111000010111101010
100101111000100100000111
100101111011011011000101
100101111011101100100101
100101111100010101011110
100101111100011010100011
100101111101100100111100
100101111111010000100110
100110000000010001100100
100110000001010110010111
100110000001011110111011
100110000001100011011001
100110000101010111101100
100110000101101110001000
100110000110101001110011
100110000110101011100111
100110000110101100010000
100110001000100111101010
100110001010011010111001
100110001011000010001001
100110001011110001110111
100110001100011101001011
100110001100011111101100
100110001100111011100000
100110001101101100110100
100110001110000101100001
100110001110110011011010
100110010000001101101110
100110010000100110111011
100110010000101000111111
100110010000110010010111
100110010001101100001101
100110010001111101010010
100110010100000011110001
100110010110111011011101
100110010111010100011110
100110011001001110100111
100110011001100111011101
100110011001110111100100
100110011001111110110000
100110011011010101010111
100110011110101111110001
100110011111010111100100
100110100000010111000011
100110100001101001001000
100110100100010110010000
100110100101100011100011
100110100110000011011101
100110100110101101100111
100110100111010011000101
100110101000010010110010
100110101000100111001010
100110101001001110010010
100110101001011010101011
100110101001111110101100
100110101011000010000110
100110101011101100001011
100110101100111011110000
100110101101100101000010
100110101110011100001100
100110101111101101111110
100110110000000000100000
100110110000111111110110
100110110010111000100111
100110110011100101111000
100110110100011001011111
100110110100110011011010
100110110101110110010001
100110110111100101011111
100110111000100001110000
100110111000101111110010
100110111000111010011101
100110111001110010111001
100110111010100111110100
100110111011000111110000
100110111100011101110101
100110111101000100101010
100110111101010001000000
100110111111001010101101
100111000000101011000110
100111000000110101110110
100111000001001000111011
100111000100100001010110
100111000101000111000001
100111000110011000101011
100111000110100111111110
100111000110101101011110
100111000111000111010111
100111000111100100101011
100111001000010110010001
100111001000110010011011
100111001001000110011011
100111001010011111001101
100111001011100100110101
100111001100000111000111
100111001100111010111100
100111001100111011111110
100111001101110011111110
100111001111000011011011
100111010000001001110011
100111010000010011001001
100111010010101011110101
100111010100101000100011
100111010100110000111000
100111010110100101100010
100111010111000100100110
100111010111100011101111
100111011001000101101000
100111011001110110110100
100111011010001111111011
100111011011001111000001
100111011101000001111000
100111011110000111100111
100111011111010001010100
100111011111111101100000
100111100001010001010111
100111100001111000011010
100111100011001111110100
100111100100101101001111
100111100100110000010111
100111101000001110001111
100111101000101011101111
100111101001000000100111
100111101001000010000101
100111101010000001010000
100111101010001111010110
100111101011010111011100
100111101101100011001110
100111101101111010111000
100111101110011101001001
100111110000101010110101
100111110000101100000100
100111110000111100110000
100111110010000100101001
100111110011110011101010
100111110100010111000101
100111110100111011001110
100111110101111010011010
100111110110011110000001
100111110110101001110100
100111110111000001100101
100111110111111010111100
100111111000010111101101
100111111000100000000011
100111111010000111100001
100111111010101000000100
100111111011000100110001
100111111101100001010000
100111111111111011011101
101000000001000010001111
101000000010001001101001
101000000011001101111100
101000000101001111010101
101000000101110110110010
101000000101111111101011
101000000110100101010000
101000001000000000001000
101000001000001111010100
101000001001101101100110
101000001011111100100001
101000001100000100001011
101000001100001110011011
101000001111111101100001
101000010000011011110111
101000010001000100110010
101000010010011110001001
101000010010100000011110
101000010010111000110101
101000010011100100010011
101000010011110101000010
101000010100110000111111
101000010100110011100100
101000010101010111010110
101000010110000010011101
101000010110010011100100
101000010110011011001010
101000010110111010011100
101000010110111010101011
101000010111011010110010
101000010111110111100000
101000011000011110001010
101000011001011011100001
101000011011000000010010
101000011100110100100110
101000100000000011101111
101000100001110010110011
101000100100011000101000
101000100101010111000110
101000100110110110101000
101000101000001001101011
101000101001001000101011
101000101011101010111010
101000101101100100100011
101000101101111011101101
101000110001011010000101
101000110011000001000000
101000110011101010111010
101000110100001100010101
101000110110011110101011
101000110111111010011001
101000111000111101001111
101000111000111111001111
101000111001111111001111
101000111001111111101000
101000111011010010001101
101000111011110001101011
101000111101111001110111
101000111110000110011001
101000111110000111011110
101000111111111000000100
101001000001001000101010
101001000001101101111110
101001000100100011101000
101001000101100001110111
101001000111010101100110
101001001000001100001010
101001001000011100111100
101001001001010111110000
101001001001100110001000
101001001010010100110110
101001001010101100000101
101001001100000000011010
101001001100011101001011
101001001101101101010001
101001001111000011111110
101001010000100100100000
101001010001001010001011
101001010011000101101101
101001010011100010011011
101001010011110101111011
101001010111110110101011
101001011000001001010000
101001011000100100101000
101001011000110000011101
101001011010111001010110
101001011010111010011010
101001011011011101101000
101001011100101111011101
101001011101001101100010
101001011101001110001001
101001011101101100010100
101001011110101011100100
101001100010011100011101
101001100010111100100100
101001100011011101111110
101001100011100100110110
101001100011110100101000
101001100011111110111111
101001100100000010100010
101001100101000001110011
101001100101101100100011
101001100101101110110100
101001100110011001001111
101001100111110111000110
101001101000000111000000
101001101001111001001100
101001101001111110011010
101001101010101001001001
101001101010101011100110
101001101011000001100110
101001101100000100011010
101001101100010110010111
101001101100011011110100
101001101101011001110100
101001101110011111001000
101001110010000001101110
101001110010110111011001
101001110100100101100100
101001111001011110011011
101001111010000010110110
101001111010010101110011
101001111101100000110000
101001111110111000101111
101010000010001111001111
101010000010111000101100
101010000010111100110011
101010000100010001010110
101010001000110000111110
101010001000110101001011
101010001001100110100000
101010001001101010100111
101010001001111011010110
101010010001101111111011
101010010010000000001110
101010010010000001101110
101010010010011001110011
101010010011111010110111
101010010100010100101010
101010010100011110110110
101010010101010110101100
101010010110010100010010
101010010111011010001111
101010010111101000000001
101010010111110010101001
101010011001001001011010
101010011001011100110101
101010011010000101011111
101010011011101111001110
101010011101010100101101
101010011110011100000100
101010011111000010111000
101010011111001101000010
101010100001010100010010
101010100001101111100111
101010100001111100010001
101010100010100010010010
101010100010101000101011
101010100010101111011111
101010100011100010110000
101010100011110011111111
101010100011111011001010
101010100100010010110110
101010100110010100111001
101010100110101100010010
101010100111111001101010
101010101000101110101101
101010101000111110000010
101010101010000000010000
101010101010010001110100
101010101100101001001111
101010101111111101110101
101010110000011100110100
101010110000101110110010
101010110010101010001111
101010110010101101001101
101010110100001010010100
101010110101011011010111
101010110111111101100001
101010111000000010101111
101010111000101110011100
101010111000111111011101
101010111001010011010010
101010111001100111101110
101010111010000100101110
101010111010010110110101
101010111011111111001000
101010111111101011000101
101010111111110111100110
101011000001000000010000
101011000001111000100000
101011000010011001000101
101011000011110001001000
101011000100011010100000
101011000100100011011101
101011000111000010100101
101011000111111011010011
101011001001101010100011
101011001001111101101001
101011001010100100000011
101011001011001011011000
101011001011101010101100
101011001100111110010010
101011001101000110101001
101011001101000111111110
101011001111101010100101
101011010000010111111000
101011010000110110111100
101011010001111100010100
101011010010100000011101
101011010010110011011001
101011010011010111011101
101011010100011000110101
101011010110111110111000
101011011010100011011101
101011011011111111100010
101011011101001101101110
101011011101110111110110
101011011101111011010000
101011011101111101010110
101011011111000111001110
101011011111011111101000
101011011111110000000111
101011100000010100000000
101011100001000011001001
101011100011110000000110
101011100011110111010010
101011100100000110110011
101011100110101011011000
101011101000011111000010
101011101000111000111010
101011101001100001001100
101011101010000011010100
101011101011011011100010
101011101101000100011000
101011101101010111100111
101011101111011101000000
101011110001111110100100
101011110010010000110101
101011110011000110110111
101011110011101001010001
101011110100010011000000
101011110100011011100001
101011110100011111101101
101011110101001001110000
101011110101111111011111
101011110110110111110101
101011110110111110011000
101011110111001110011001
101011110111111000001110
101011110111111000110101
101011111000111011001101
101011111010111000101100
101011111011001111001001
101011111110010000111110
101011111110100110000001
101011111110110110100011
101011111110110111000000
101100000000110010001001
101100000001011000110101
101100000010100101001000
101100000011001000100101
101100000011011001011001
101100000100010100001111
101100000100110001110000
101100000110011000000111
101100000110100101000000
101100000110110111011110
101100000111000010110101
101100000111101001010110
101100001001001101110101
101100001001001111111001
101100001110000101001001
101100001110000111011000
101100001111010001111001
101100001111011101110101
101100010000100000101000
101100010000111100000011
101100010001000010111101
101100010010100110111111
101100010010101100100100
101100010110001010110011
101100010111100011110000
101100010111101000101000
101100010111111011111110
101100011000101000011110
101100011000110110010110
101100011000110111000101
101100011010100001000011
101100011010111111011011
101100011100001101101011
101100011110001111011001
101100011110011111001010
101100011111010000101011
101100011111011111010010
101100100000010100110101
101100100010000011100001
101100100010100110100100
101100100011000101000000
101100100101110111110001
101100100110101011101110
101100100110111011111011
101100101001100000000110
101100101001111111011100
101100101010011100010011
101100101010110000011100
101100101011101011010110
101100101100001101100101
101100101101101011111101
101100101101110010101110
101100101111010010001001
101100110000010010100110
101100110001000010111111
101100110001000111010110
101100110001011111110111
101100110010110010101011
101100110010110100110011
101100110011001101001001
101100110011101111011000
101100110111010100111110
101100111011100001101010
101100111110110101000010
101100111111000111001110
101101000000001010010001
101101000001010011101100
101101000001011111000000
101101000100111011010011
101101000101101011101000
101101000110011111111010
101101000111101101100100
101101001000101001111111
101101001000101010100110
101101001000110100111010
101101001001001011110001
101101001010101110100110
101101001011110000111001
101101001101011110101101
101101001111110010010111
101101001111111011100010