0011111111111101111000110
0011111111111011000010001
0011111111110111010011001
0011111111000011000101001
0011111110111111011101100
0011111110101000100011110
0011111110100110011100111
0011111110011100100100110
0011111101110011010101001
0011111101100010100010000
0011111101010001000110011
0011111100111100111111011
0011111100111001000010010
0011111100010111000111110
0011111011111101101010000
0011111011111000100000000
0011111011101110101011111
0011111011101001111011011
0011111011101000110110101
0011111011011010000111010
0011111011000100101100001
0011111011000100010000101
0011111010111110001100010
0011111010111101101001101
0011111010101010010111001
0011111010010000000010111
0011111010001101111111010
0011111010001101110100001
0011111010000011010101001
0011111010000001011011101
0011111001010110110110010
0011111001001100101001000
0011111001001011010000100
0011111001001000011110000
0011111000010110010000111
0011111000001100110011000
0011111000001100010001101
0011111000001000110100001
0011110111010110000100100
0011110111010001001110110
0011110111000101111011101
0011110111000100100001110
0011110110110000000000100
0011110110010010011001001
0011110110000000100011111
0011110101101101101110000
0011110101101011010111110
0011110101101010001001101
0011110100100111100011100
0011110100100001011101100
0011110100010001010001110
0011110100010000110010010
0011110100010000100111001
0011110011101111001110011
0011110011010000001001110
0011110011000101100110000
0011110010111000110001011
0011110010101101001001011
0011110010101100011110011
0011110010100101000001000
0011110010010111110011110
0011110010010001001101000
0011110010000100111100001
0011110001101100110110010
0011110001100110001000101
0011110001100101100101101
0011110001100011000101111
0011110001010011101101011
0011110001001111001011001
0011110000101011100001101
0011101111111011000011011
0011101111110100011110001
0011101111010100011001101
0011101111001101111000111
0011101111001001101010110
0011101111000111110010010
0011101110110001001001001
0011101101111000010001101
0011101101101101111100111
0011101101011101100000011
0011101101001000010010010
0011101100011011101011110
0011101100000111110101101
0011101011111111101010011
0011101011110100110111010
0011101011101011010001111
0011101011011011000000010
0011101011010101110011110
0011101011001011110101011
0011101011001000101011010
0011101010111111100000011
0011101010101110010111101
0011101010100011101011111
0011101010001111100001011
0011101010000101000100111
0011101001110111001000111
0011101001100010100001000
0011101001011101110110010
0011101001001101111010010
0011101000101111100110111
0011101000100100010001101
0011101000010111010111101
0011101000010000111001011
0011101000000000001110000
0011100111100100100010111
0011100111010101100101001
0011100111010010000110011
0011100111001111011101000
0011100111000001011110011
0011100110110100011000100
0011100110101100011111101
0011100110010111010001000
0011100110001101101100111
0011100110001010101010011
0011100101101100110001011
0011100101010101001010101
0011100101010010100010100
0011100101001101110111111
0011100100011001001000111
0011100100001111111111100
0011100011111100001100011
0011100011111000011111011
0011100011110111001010001
0011100011110000111001001
0011100011101001110011101
0011100011011101110101000
0011100011010111000010010
0011100011010010001101110
0011100010111100110101111
0011100010101100000111001
0011100010100011111000111
0011100010010111011110000
0011100010010111001110001
0011100010001001110100100
0011100001110110110101111
0011100001100110000100100
0011100001100011110110000
0011100000111111100100011
0011100000100010000010111
0011100000100000000100110
0011100000000100100011101
0011011111111101001111100
0011011111110101111010110
0011011111011110111011100
0011011111010011011001100
0011011111001101100001100
0011011110111110110000111
0011011110100011111101110
0011011110010011101111001
0011011110000010100111010
0011011101111000010111001
0011011101100100111100101
0011011101011011111010110
0011011101000111101111110
0011011100110010001111000
0011011100110001100001000
0011011011111110101001011
0011011011110111111010000
0011011011110011001001000
0011011011110010110011011
0011011011100100011001001
0011011011100001001011101
0011011011010000110001100
0011011010110001000010111
0011011010101011101100001
0011011010100011111011101
0011011010000011111100001
0011011010000011101010011
0011011001111111111001101
0011011001101111101110000
0011011001010110110010111
0011011001001110110110111
0011011001000110110000111
0011011000111000101000110
0011011000110000101011111
0011011000101110000011011
0011011000101000110000001
0011011000011011111110000
0011011000010101100100010
0011011000010011101101100
0011010111111100101110011
0011010111110101100000010
0011010111101111001001011
0011010111001100100011011
0011010110101010100110101
0011010110011011000100010
0011010110001011011010111
0011010101111100011110111
0011010101100000010000000
0011010101010111101010010
0011010101010101101110101
0011010101001101100011110
0011010100111001110101010
0011010100110110100010011
0011010100100010001000011
0011010100000011010010010
0011010100000001101000110
0011010011111111011011101
0011010011001100000111000
0011010011000101100111010
0011010010111100110111100
0011010010101001110011100
0011010010101001010011110
0011010010100100000111100
0011010010011010110111011
0011010010010111010011101
0011010010001010100100011
0011010010001010000001001
0011010010000010011011011
0011010001111001010010011
0011010001110101101010011
0011010001110100000011011
0011010001101101011011101
0011010001101101011000100
0011010001100110100101111
0011010001100000100001011
0011010001011000010111001
0011010001001011011011000
0011010000110110001101111
0011010000011101110011100
0011001111110010100000110
0011001111011011011001001
0011001110111000111111101
0011001110101100000100110
0011001110011000010110100
0011001110000111001111110
0011001101111010010010110
0011001101011001000010011
0011001101000000001100000
0011001100111011011101110
0011001100001110010000110
0011001011111001011011010
0011001011110000111101010
0011001011101010001101011
0011001011001100101110101
0011001010111010010011110
0011001010101100111010010
0011001010101100100000100
0011001010011111101101000
0011001010011111100111110
0011001010001111001000001
0011001010001000110110101
0011001001101101101111101
0011001001101011010000011
0011001001101011000010101
0011001001010100101101001
0011001001000100110000011
0011001000111101011000100
0011001000011001100101100
0011001000001101010110111
0011000111110110101010111
0011000111101011111111101
0011000111101000101101101
0011000111011101001110110
0011000111011010011011010
0011000111010001010100010
0011000111001100110010101
0011000110111100011000110
0011000110110110110011000
0011000110100111010000101
0011000110010110011110011
0011000110000011110100111
0011000101111100100011111
0011000101100100110010011
0011000101011111010001010
0011000101011011100001101
0011000100101010011001010
0011000100100110110110100
0011000100100001101000110
0011000100011111011000011
0011000100000101010110011
0011000100000101001001100
0011000011111110011101111
0011000011101110111101010
0011000011101001010001000
0011000011101001001001110
0011000011100011011100100
0011000011010111100000000
0011000010101010001010111
0011000010100100001001011
0011000010011101111000110
0011000010011100100110010
0011000010011001101001000
0011000010010111101101001
0011000010010111000010100
0011000010001011001101011
0011000010000011001110011
0011000010000010110011001
0011000001111010111000101
0011000001101001011001101
0011000001100110011100010
0011000001010001001111000
0011000001010000010000111
0011000001001000010110000
0011000001000111111000111
0011000001000011110100001
0011000000110111011101000
0011000000110100001000101
0011000000110011001000010
0011000000100111101011101
0011000000011010111010000
0010111111110001010010010
0010111111100111011101101
0010111111010011010101010
0010111110011010011101111
0010111110010011110111111
0010111110010000011100011
0010111101101011110101000
0010111101011100000000101
0010111100110101100101010
0010111100101110001011100
0010111100101101011100101
0010111100011110010111101
0010111011101011010011110
0010111011101010100100001
0010111011100001110101111
0010111011100001000111100
0010111011011110001010010
0010111010000110010001010
0010111010000011011011011
0010111010000011001010101
0010111001111110111101110
0010111001101110000011110
0010111001101001100100101
0010111001100111110011010
0010111001011110000110011
0010111001010011011010110
0010111001000111010011010
0010111001000100111010101
0010111001000011000101000
0010111000110100000101011
0010111000110000101111000
0010111000101001101110010
0010111000010111100001010
0010111000000110000101110
0010110111111001110111001
0010110111110011001110000
0010110111110001011110110
0010110111011010011000011
0010110111010101101110010
0010110111010011100100010
0010110111001101000110000
0010110111001100000000011
0010110111001010110110001
0010110111000010001000010
0010110110111111001100110
0010110110111101111110110
0010110110111001111101011
0010110110100011111010101
0010110110011111111101010
0010110110010010111000010
0010110110001001111011011
0010110110000111010110000
0010110101111100001100001
0010110101111001001111000
0010110101011111110011010
0010110100111100001111100
0010110100110111000100110
0010110100110100000101001
0010110100011111100010010
0010110100011111000010110
0010110100001111100101100
0010110100000010001010001
0010110011100111010111110
0010110011100110100000110
0010110011011111010011110
0010110011011100100000100
0010110011011001001111101
0010110011010101111000011
0010110011010001000111010
0010110011001110001000101
0010110010111101000001011
0010110010010110011100101
0010110010010100011010001
0010110010001000100100111
0010110001111111011011100
0010110001111010001000110
0010110001101011110110101
0010110001100101001001101
0010110001100011101100111
0010110001001001111111011
0010110001000000110110010
0010110000101110111100111
0010110000101011111000100
0010110000100101101101111
0010110000011111011010011
0010110000011010011001000
0010110000001101000000111
0010110000001011101011010
0010110000001011011101110
0010101111110001100000111
0010101111101010010011100
0010101111100101010111010
0010101111011010010101111
0010101111010100100110111
0010101111010001100110101
0010101111001011111000111
0010101111000001100010011
0010101110100111010100101
0010101110000011011001001
0010101101110100111110000
0010101101101000101111111
0010101101100010001010110
0010101101100001101000110
0010101101100001010100000
0010101101010101110011000
0010101101010001111111110
0010101101001111011011011
0010101101001001110110001
0010101101000010100001010
0010101100100111101101010
0010101100100110100110001
0010101100100100001100100
0010101100001010110010101
0010101011111000111111101
0010101011110101000001001
0010101011101110110101010
0010101011101001100110011
0010101011011100000101011
0010101011001100000011110
0010101011001001000111111
0010101010110100110010111
0010101010011100010000011
0010101010011001011111001
0010101010010001010011011
0010101010001100000110010
0010101010000101110010011
0010101010000100100000001
0010101010000011110111101
0010101001111101100001010
0010101001110101011010011
0010101001101100111011001
0010101001101011111100001
0010101001101001100001110
0010101001100011001111001
0010101001100011001001010
0010101001011001001011000
0010101001000110010111000
0010101001000010111111111
0010101000100110000011110
0010101000100010111011000
0010101000100000011101011
0010101000100000011001001
0010101000001110000101011
0010101000001000010110000
0010100111111101000010010
0010100111110111110010010
0010100111110101010011001
0010100111101100100110011
0010100111101000001111100
0010100111011001001001011
0010100111010111001111111
0010100111010100100001110
0010100111010010110110111
0010100111001101001100001
0010100110111110011011101
0010100110111110001000011
0010100110010000111010011
0010100110010000100101011
0010100110000101101111001
0010100110000100000000001
0010100101111010010010101
0010100101110110010011111
0010100101110101010011110
0010100101100110110011110
0010100101100110000000000
0010100101000101111001110
0010100100111001000110010
0010100100111000011001100
0010100100110101100111011
0010100100101111001110001
0010100100101101001110110
0010100100101101001000000
0010100100011101111011101
0010100100011001100101010
0010100100001110011001001
0010100011111011111000101
0010100011111001101000110
0010100011110010100101110
0010100011110000100000101
0010100011101000111001100
0010100011011001001100011
0010100011010100001110101
0010100011001111111010111
0010100010110110101010110
0010100010101111010110010
0010100010101101000100001
0010100010010101111111110
0010100010010001100110011
0010100010001101100011101
0010100010001010101111000
0010100010000010011111100
0010100001111101101101001
0010100001110000100001111
0010100001101111100101011
0010100001100010010010110
0010100001011001010101001
0010100001010010100110111
0010100001010010000000010
0010100001001110100110100
0010100001000011000111101
0010100001000010110100111
0010100000111111011101010
0010100000111010101110000
0010100000011011000010100
0010011111110110001010100
0010011111011001010011011
0010011111010110110100110
0010011111001101101100110
0010011111000011101110011
0010011111000010001100000
0010011110100100010110101
0010011110011101110100111
0010011110010110110001100
0010011110001100010100000
0010011110000100001011110
0010011110000100000110100
0010011110000010101101111
0010011101111111101001010
0010011101110010011000100
0010011101101001100000000
0010011101011010110100011
0010011101000111001000010
0010011101000101111010001
0010011101000001011010001
0010011100110110011111100
0010011100110101100110100
0010011100110100011100100
0010011100101100000011111
0010011100101001000101000
0010011100100110110000111
0010011100100100000101110
0010011100011011111100000
0010011100010101000110110
0010011100010100110100101
0010011100010011001110100
0010011100001000110100000
0010011100000111111111100
0010011100000000000111100
0010011011111111101000011
0010011011101110101011000
0010011011101011101010010
0010011011100101110010100
0010011011100101101001100
0010011011100011011110101
0010011011011100010101011
0010011011001101101101010
0010011011001100110000001
0010011011000100100011001
0010011010111111100111100
0010011010111111000000110
0010011010111000111101101
0010011010110011101100001
0010011010110010010110110
0010011010101100111111000
0010011010101010011110001
0010011010100010000000100
0010011010100000100010011
0010011010011110001011011
0010011010011011101111001
0010011010011010000111010
0010011010010010001001111
0010011010001000100011001
0010011001110111001001001
0010011001101111000110000
0010011001101010110100011
0010011001100100011111001
0010011001001011010010110
0010011001000110000101000
0010011001000001100010110
0010011000111011001110100
0010011000110100111101111
0010011000101100111100010
0010011000011111111101011
0010011000010101110111110
0010011000010010011001101
0010011000001010000001000
0010011000000000011110000
0010010111111100001011011
0010010111110001000001001
0010010111110000110010111
0010010111101000100110110
0010010111100101000011000
0010010111011111010011100
0010010111010000010001110
0010010111001110100101111
0010010111001100000100000
0010010111001010001100010
0010010111000001101101011
0010010110111110100101110
0010010110111010001111100
0010010110111001000011111
0010010110110110011001010
0010010110110101101111001
0010010110110010101010100
0010010110110001011101010
0010010110101100000001111
0010010110100101111100110
0010010110100100101111110
0010010110100010111100110
0010010110011101101101000
0010010110011001010110111
0010010110010100101101011
0010010110001111101010101
0010010110000101010010011
0010010110000000011101001
0010010101110110001110110
0010010101011110010000110
0010010101011001100100111
0010010101010100110010000
0010010101010011111101011
0010010101010011001000011
0010010101001110101010000
0010010101001011011011101
0010010101000001110101001
0010010100111011000100100
0010010100110101101101000
0010010100110101101001110
0010010100101101001110000
0010010100100111111011100
0010010100011101011100111
0010010100010110111100111
0010010100010101111001001
0010010100010001011011101
0010010100000001110101110
0010010011111011111111110
0010010011110010001010101
0010010011100110100110101
0010010011011110010001111
0010010011010111001101100
0010010011010011110101001
0010010011001101111101010
0010010011000000110101010
0010010010111011111010101
0010010010101010000101110
0010010010100110001101011
0010010010100001111100011
0010010010011111111011110
0010010010011101110100100
0010010010011001110011001
0010010010011001011101100
0010010010010110011100110
0010010010001110110101100
0010010001110110000001000
0010010001010110000100001
0010010001010011000000010
0010010001010010100010110
0010010001010010011011110
0010010001000110010000111
0010010001000100011101111
0010010000110111100101110
0010010000110010001010001
0010010000110001000100110
0010010000011100101110101
0010010000011010110000010
0010010000010011110111101
0010010000001110110101001
0010010000000111101000111
0010010000000111001110000
0010010000000100101111000
0010001111111100110111110
0010001111111011111000100
0010001111110000010010000
0010001111101001001010011
0010001111100111100000110
0010001111011001101001100
0010001111010110110110100
0010001111010100011111001
0010001111010001110010011
0010001111001100110111110
0010001111001000000110110
0010001111000100010111001
0010001111000001100001001
0010001110111001100101100
0010001110110100001011001
0010001110110011010011110
0010001110101110111011110
0010001110101000110101010
0010001110100111000001100
0010001110100101011111000
0010001110011100001011010
0010001110001111111010011
0010001110001111011001100
0010001110001010001100110
0010001110001000110011001
0010001110000101000001101
0010001110000100010010110
0010001101110001000010011
0010001101110001000000011
0010001101100101000100010
0010001101100011001101100
0010001101011100110001011
0010001101011011011101011
0010001101010111100001111
0010001101000110011110001
0010001100111100111011101
0010001100111100101100100
0010001100111010100110100
0010001100110010010100100
0010001100110010001011111
0010001100101011111010000
0010001100101000111000001
0010001100011101011101010
0010001100011011101100101
0010001100011001001001110
0010001100010010100110101
0010001100010000000100010
0010001100001011100101010
0010001100001011011100110
0010001100000100011010011
0010001100000100010001110
0010001100000010111001011
0010001011111111011111100
0010001011111011010111000
0010001011110110000111010
0010001011110101010110011
0010001011110001001111000
0010001011101111110101001
0010001011101101111110111
0010001011101000010011110
0010001011100100001001011
0010001011100000111011110
0010001011011111011101110
0010001011011100101111011
0010001011001001010111001
0010001011000111001100111
0010001011000101111111101
0010001011000011101111010
0010001010111010000100000
0010001010110000001101011
0010001010101000011001010
0010001010100010110011110
0010001010011111001101100
0010001010010110101110100
0010001010010101000010111
0010001010000111111101000
0010001010000001001111111
0010001001111001000111101
0010001001110010010011000
0010001001011001100011100
0010001001010110000110011
0010001001010010110000110
0010001001001101111100001
0010001000111110010100110
0010001000111001110100111
0010001000110110000011100
0010001000110110000011010
0010001000110101011110010
0010001000110100110101000
0010001000101010101000010
0010001000100111101011111
0010001000100110110111000
0010001000100101001101010
0010001000100011111011011
0010001000100011101101010
0010001000100011100100010
0010001000100000010011010
0010001000011101101001010
0010001000011010010101001
0010001000001110101100111
0010001000001101100111100
0010001000001011101000000
0010001000000101110000100
0010001000000011011001011
0010001000000011000101111
0010000111111100110001000
0010000111111011111010000
0010000111111000110000101
0010000111101111111010010
0010000111101110000000000
0010000111101100110110000
0010000111101001010001100
0010000111100101011000011
0010000111100011111101000
0010000111011110100110001
0010000111000010000000111
0010000111000000101001111
0010000110111010101001100
0010000110111000000100100
0010000110110110000001010
0010000110101110000001000
0010000110100011110001110
0010000110100011011011001
0010000110011011010001011
0010000110010101010011110
0010000110000101010010000
0010000110000100000011110
0010000110000010110100101
0010000101111110010110010
0010000101101110100101110
0010000101100111100100001
0010000101100111001100001
0010000101100111001001100
0010000101011000001000100
0010000101010001010111011
0010000101000100100010000
0010000101000011110101000
0010000100111010100110101
0010000100010111010011010
0010000100010110101110000
0010000100001100001000100
0010000100000111111000110
0010000011111101110011000
0010000011111101101100111
0010000011111011110111010
0010000011110010101010110
0010000011101101110010111
0010000011100101011011110
0010000011100000000010000
0010000011011001010100101
0010000011010100000101110
0010000011010011100001011
0010000011010010000101101
0010000011001101100101001
0010000011000001101100001
0010000010111100101111011
0010000010111100000100001
0010000010110000010011101
0010000010101010101010010
0010000010100011011001110
0010000010001000101001101
0010000001111111110100100
0010000001111111010110100
0010000001101010000110010
0010000001011100010110010
0010000001011001001100000
0010000001011000011010010
0010000001010010111000101
0010000001010000000011001
0010000001001110100011010
0010000001001101001001000
0010000001001011110101000
0010000000111010101110010
0010000000110011000001010
0010000000110010100111010
0010000000101100110111110
0010000000100100101111100
0010000000011000101101010
0010000000010001011000001
0010000000001000011000010
0010000000001000000010010