0111110010001111
0111110001000110
0111101111101001
0111100010111110
0111011011111101
0111010010101001
0111001110011110
0111001100010111
0111000101000111
0111000010101111
0110111111011001
0110111110100100
0110111010101011
0110110111011111
0110110011100000
0110100111001011
0110100100111111
0110100011010111
0110100001000110
0110011111011001
0110011101100011
0110011000101100
0110010011101001
0110010011001001
0110010010110110
0110010000000111
0110001100010001
0110001011011001
0110001010000001
0110000111101000
0101111110111101
0101111101010001
0101111011110001
0101111011011111
0101111000010111
0101110011111110
0101101110011010
0101101100011111
0101100111000010
0101100010101110
0101100000110000
0101100000100001
0101011110110101
0101011100110000
0101011011001111
0101011010011111
0101010011111000
0101001101110101
0101001000101111
0101000011101111
0101000001100110
0100111101100100
0100111100110000
0100111100100101
0100111001011101
0100110110000101
0100110100010001
0100110011110101
0100110010100010
0100110010100000
0100110010011001
0100101111010010
0100101110100010
0100101100011101
0100101010001001
0100100110011010
0100100011110100
0100100010001101
0100100000000010
0100011100010011
0100011011101000
0100011001010011
0100011001001011
0100010110110110
0100010110010011
0100010101011011
0100010001100101
0100001111110111
0100001101111101
0100001101001111
0100001011110000
0100001010101110
0100000101111111
0100000010101111
0100000000100000
