0011111111111001101001001
0011111111111001100100111
0011111111100001010100000
0011111111010011111111100
0011111110110110010100001
0011111110011000010111011
0011111110010000101111011
0011111101111000001110010
0011111101101110110001001
0011111100001110110101100
0011111011110101000100000
0011111011011011110100000
0011111010110110010001001
0011111001110101010001000
0011111001100010010101111
0011111001001011101100101
0011111000111110011000100
0011111000110111111010101
0011111000001101000000111
0011110111111000011111101
0011110111010110110101001
0011110111010010111000010
0011110111000001110110100
0011110110011010011100101
0011110101111011010010110
0011110100111101100100110
0011110100101110011000001
0011110100011010101111001
0011110011110010001110101
0011110011101111000011111
0011110011010101001110100
0011110001111101101010000
0011110001111000000010011
0011110001001111000001001
0011110000110010001101100
0011110000011101011101001
0011110000000001101101101
0011101111011110001011111
0011101111010101100001000
0011101111010001110111111
0011101110110010001110111
0011101110011100010101010
0011101110010110010111011
0011101110010010001010010
0011101110001110000000000
0011101110000100000110010
0011101101101110010110000
0011101101101000110111111
0011101101100000011001110
0011101101011110011010111
0011101101011110010000010
0011101101011010111111110
0011101101000111111010100
0011101101000011100000001
0011101100000101000110010
0011101011110111111000001
0011101011010101011010101
0011101010100100101101011
0011101010011110011101001
0011101001111011110010111
0011101001101011111110001
0011101001100001011100101
0011101001011001011110010
0011101001001011011010001
0011101001000010110011011
0011101000111100010111010
0011101000110100101011001
0011101000110100001111011
0011101000010101000001010
0011101000010011000000010
0011101000001101110110001
0011101000001100011101000
0011101000000011001111010
0011100111111110011011100
0011100111101010011000110
0011100110101110001100000
0011100110100111110100000
0011100110100001101101110
0011100110011000110101000
0011100101011010101101011
0011100101001110111001111
0011100101000111011000100
0011100101000111001101111
0011100100100100101101100
0011100100001011000110011
0011100100000101001011110
0011100011110010110010111
0011100011100011101100100
0011100011010011011110011
0011100010111000110011001
0011100010011110000000011
0011100010011011011101111
0011100010010101101110111
0011100010010001111001110
0011100010010000101111100
0011100010001000001011000
0011100010000100110101000
0011100010000010101011101
0011100001111010010110011
0011100001110110000010101
0011100001110011111001011
0011100001101101100001001
0011100001010101111010101
0011100000000000011000010
0011011111100110001111111
0011011111010101100110110
0011011111010001000100110
0011011111000100111011001
0011011110110110001000101
0011011110100000101001001
0011011110011101101110100
0011011110001110111001101
0011011110001110101001011
0011011110001001101110111
0011011110000100110011101
0011011101111010010110011
0011011101101001011001010
0011011101011111111000101
0011011101010000011100000
0011011101001000101110101
0011011101000110000110001
0011011101000001011100011
0011011100110110110110110
0011011100100110011110000
0011011100011011111010001
0011011100000010111001110
0011011011011111000100010
0011011011010001010011111
0011011010100011100111111
0011011010000100010110101
0011011001111110110011001
0011011001010101110111001
0011011001010011101110010
0011011001001110111111001
0011011000110000001000101
0011011000000010111010100
0011010111110100010101101
0011010111101111011000110
0011010111101011000000101
0011010111011011001010101
0011010111010000011001101
0011010111000000111001000
0011010110110110111000001
0011010101110011100000011
0011010101010001110110001
0011010101001101111010101
0011010101000001111101001
0011010100111011011100111
0011010100100110100001100
0011010100011010001100100
0011010100011001101010101
0011010100000111010011111
0011010011110111101000111
0011010011001110010101000
0011010011001101001000101
0011010010110010000100001
0011010010010101110010101
0011010010001111100110111
0011010001111110101011001
0011010001111101010000110
0011010001100011011100101
0011010001011101111110111
0011010001001110010010010
0011010000111000000100001
0011010000110111000000110
0011010000010110000111001
0011010000000011001010101
0011001111110011011000101
0011001111000100101100011
0011001111000011010011101
0011001110111001100011100
0011001110110111001011011
0011001110100010011100011
0011001110011010010000100
0011001101111011111111111
0011001101101010000001010
0011001101100011110100110
0011001101001001000011011
0011001100110010010111010
0011001100100111011110000
0011001100100110110100000
0011001100100000110111000
0011001011100110011100001
0011001011001110100100010
0011001010111101011011010
0011001010010111101010101
0011001010000110001010111
0011001001110110101110101
0011001001101101001111101
0011001001010001101000110
0011001001001111111110101
0011001000111010111100111
0011001000110111010001000
0011001000101110111111001
0011001000011101011101001
0011001000011000000110101
0011001000010000100100111
0011000111111100111110001
0011000111111010011100111
0011000111111001000001010
0011000111001011100101001
0011000111000000010000111
0011000110111011010011011
0011000110111011010010111
0011000110110101100011001
0011000110110011000110001
0011000110110010110111101
0011000110101010010011111
0011000110011011100111011
0011000110011001100001110
0011000110001000001100000
0011000101111101111111000
0011000101101011101101011
0011000101100110001000001
0011000101100100110110110
0011000101010000100001110
0011000100111111011101001
0011000100101100001000011
0011000100101011011001000
0011000100101010010111000
0011000100011111101000011
0011000100011101111110011
0011000100010011100110010
0011000100010000011001110
0011000100001101110111011
0011000100000011011110001
0011000011010001111100001
0011000011000000100100001
0011000010110010111111110
0011000010110000010101001
0011000010100101111110101
0011000010011010010001011
0011000010001110110000111
0011000010000000011001101
0011000001110000111001100
0011000001101001111110101
0011000001011011111110111
0011000000101101011111011
0011000000101010110011001
0011000000011110001000001
0011000000001011010110011
0010111111111000100100001
0010111111110101011110011
0010111111101101000011001
0010111111101100101011010
0010111111100000101110110
0010111111001000001110101
0010111111000011001010100
0010111110110111110000011
0010111110101110010100011
0010111110011011001001010
0010111110001010001101001
0010111110001000101001001
0010111110001000010111001
0010111101111111100000101
0010111101111010011100001
0010111101010110011111000
0010111101010110001111011
0010111100110100100010011
0010111100100111100101000
0010111100100100100110110
0010111100100100100100010
0010111100011001100100000
0010111100010100100101000
0010111100001111011000001
0010111100001010000011111
0010111100000001001110011
0010111011111100011010101
0010111011110110010001101
0010111011110000011001011
0010111011101111101001101
0010111011101011001001001
0010111011101000001001100
0010111011100100100001110
0010111011010100111110101
0010111011000010101010011
0010111011000010011111000
0010111010111110100100001
0010111010110111101010111
0010111010110110100001001
0010111010101111101010101
0010111010101101111111101
0010111010001110010101000
0010111010001011111110000
0010111010001010010100010
0010111010001010010011111
0010111010001001111011110
0010111010000010110010111
0010111001111101001011000
0010111001111001010100000
0010111001110010111000001
0010111001110001001100110
0010111001101100011101010
0010111001101010100111011
0010111001100100011000010
0010111001011101101101110
0010111001011000111001010
0010111001010000101110011
0010111001001101001110101
0010111001001010010011110
0010111001000110011001111
0010111000101101000001100
0010111000100100010101110
0010111000100001101001101
0010111000011001101100101
0010111000010011011110110
0010110111110110101010001
0010110111100100101011111
0010110111011010110000001
0010110111000101110011101
0010110110111101000010001
0010110110111001100100011
0010110110110101010010110
0010110110110011011000110
0010110110110000010010111
0010110110101110000101011
0010110110011110000000000
0010110110011101110100011
0010110110011100001010100
0010110110011000010001011
0010110110000001100010100
0010110101110001000110100
0010110101100110100010100
0010110101010111101111100
0010110101001010010011111
0010110100111110111110011
0010110100011101011001010
0010110100000010101011011
0010110011110110010000000
0010110011101101110011101
0010110011101011010101110
0010110011100010001011100
0010110011011101100000001
0010110011010100101101011
0010110011001011110100101
0010110011000111011010010
0010110011000011100011011
0010110010110111000101110
0010110010110110110110101
0010110010110100111100001
0010110010101010111101111
0010110010000101000111000
0010110010000011100000100
0010110010000000111111011
0010110010000000000101101
0010110001100110000010111
0010110001010110000101101
0010110001001000101011111
0010110001000001011110110
0010110000101001000110001
0010110000100001110111110
0010110000011100110010011
0010110000001011001000101
0010110000000010010100101
0010101111111110110000011
0010101111111101100100111
0010101111111000101011001
0010101111100111000010011
0010101111100101110000101
0010101111011110111011000
0010101111010101111111111
0010101111010100001001011
0010101111001101100100110
0010101111001101011011001
0010101110111110011101110
0010101110111100011110001
0010101110100101011001101
0010101110100001110101110
0010101110011100000000001
0010101110010010010111001
0010101101110100101001001
0010101101110100011011101
0010101101011100000100011
0010101101010010010001000
0010101101001111100001011
0010101101001000001100001
0010101100110010100110011
0010101100101101001001101
0010101100100000011101111
0010101100010000101001011
0010101011101100000111101
0010101011011011010001110
0010101011011001011110100
0010101011001001111001111
0010101010110110001000111
0010101010110100111100101
0010101010101010101010110
0010101010100101111100011
0010101010010110111111111
0010101010010110111111110
0010101010001100111001111
0010101010001001000000111
0010101001111110111001101
0010101001110000110100001
0010101001101111111010000
0010101001101111110100010
0010101001011101111100111
0010101001000001101110011
0010101000110011110010100
0010101000100110101001110
0010101000100110011100001
0010101000100011000001010
0010101000000000010110111
0010100111110001010001001
0010100111011110100100001
0010100111011101001001000
0010100111011001101111011
0010100111011001001111010
0010100111001101110111111
0010100111000110011010001
0010100111000110001111011
0010100111000001010111101
0010100110111011110011001
0010100110111001101100101
0010100110101101110010110
0010100110100101000100010
0010100110100000000000010
0010100110011101111000011
0010100110011000001110101
0010100110000110000111101
0010100101101100110111111
0010100101100011111010010
0010100101011111111111100
0010100101011111100100001
0010100101011110000101101
0010100101010100000000101
0010100101001001100110011
0010100100111111101100101
0010100100111001111001111
0010100100101111110110101
0010100100101111000111111
0010100100101100000100111
0010100100100111110111001
0010100100100010100110111
0010100100100000100110010
0010100100100000100001110
0010100100011100010000000
0010100100010110010111011
0010100100001101111101001
0010100100000101111010111
0010100100000011001011011
0010100011111111000101101
0010100011111100110101010
0010100011111011001010101
0010100011110111010111111
0010100011101111111011001
0010100011011010110110001
0010100011011010110010101
0010100011011010011111011
0010100011010001000100100
0010100011000101100000111
0010100010100011110101000
0010100010011011001101001
0010100010010000011111111
0010100010001110100010000
0010100010000011100110000
0010100001111100111000001
0010100001011110001010110
0010100001011001101101011
0010100001010010011010001
0010100001000101011101101
0010100001000001011010010
0010100000110100110111000
0010100000101101110000001
0010100000101000100101001
0010100000011011011000100
0010100000011011001111100
0010100000010100000001011
0010100000001111110010001
0010100000001110010000110
0010100000001101010101111
0010011111111101010010110
0010011111111011100101011
0010011111101000011111100
0010011111011111010010011
0010011111011000111011011
0010011111010110101001111
0010011110111100110100110
0010011110111010000100010
0010011110110001010011110
0010011110100111111100110
0010011110100011001111111
0010011110100000100001011
0010011110011101101110000
0010011110010010010100001
0010011110001011001100111
0010011110001010100011010
0010011110000011000001011
0010011101111001101100001
0010011101110110101001000
0010011101110101111001000
0010011101110001110001111
0010011101101111110110111
0010011101011111100100111
0010011101010001011010111
0010011101010000010010101
0010011100111011111011001
0010011100111000110001011
0010011100111000010100101
0010011100110110110100011
0010011100110010100011110
0010011100100101011111101
0010011100011100111010010
0010011100011011111000111
0010011100011011111000100
0010011100011010000101010
0010011100010111001011110
0010011011111111111110101
0010011011111111011110010
0010011011111100001000100
0010011011110101100001011
0010011011110100110100011
0010011011110000011100101
0010011011101101110011101
0010011011100100001110000
0010011011100000100111101
0010011011011000010110101
0010011011010110011111010
0010011011001101010101011
0010011011001100100001100
0010011011000101101000101
0010011010110011010110101
0010011010101100111110111
0010011010100110101111111
0010011010100110011010000
0010011010100101110000011
0010011010100011001010000
0010011010011010011010001
0010011010010100011110101
0010011010010011110000111
0010011010001010000011001
0010011010000101101001110
0010011010000000110010001
0010011001111110110110001
0010011001111000100110011
0010011001011101100000010
0010011001011101000001010
0010011001011100101010101
0010011001011001001000100
0010011001000101110010100
0010011001000010111111111
0010011001000000101001111
0010011000111111000110101
0010011000110011101001000
0010011000101101110000001
0010011000101010111011011
0010011000101001011000000
0010011000100111001011011
0010011000011110100101001
0010011000011011110001101
0010011000010001100000111
0010010111111111111010000
0010010111111100001001000
0010010111111011101100101
0010010111110100000011111
0010010111110010010100010
0010010111101111011100001
0010010111101101000110000
0010010111100000111001110
0010010111011010100110001
0010010111011001010110111
0010010111010111000111111
0010010111010000100001101
0010010111001011000110000
0010010111000001001011001
0010010111000000100011010
0010010110111111000111101
0010010110111110111101001
0010010110111101110110000
0010010110111011000000000
0010010110111010110101001
0010010110110001110100100
0010010110110001110011011
0010010110101111101000111
0010010110101010101100011
0010010110100010110001001
0010010110011110101111101
0010010110011110100000101
0010010110011010101101000
0010010110011001110010000
0010010110010111110110001
0010010110010010110110001
0010010110001111010011001
0010010110001111000110011
0010010110001101100000001
0010010110001001111100110
0010010110001000110000101
0010010110000100011110111
0010010101111011101011111
0010010101111011000100000
0010010101101100001000101
0010010101010101111110111
0010010101010001110100101
0010010101001110101111011
0010010101001101111110111
0010010100111100101110000
0010010100110010100001010
0010010100110010010011100
0010010100100110011010101
0010010100100101110010110
0010010100011011000000011
0010010100010010101000011
0010010100001110101011001
0010010100001101110001001
0010010100000111110000010
0010010100000010111010101
0010010011111111111100100
0010010011111110111101111
0010010011101011011010110
0010010011101010100101010
0010010011100111011100011
0010010011100001110001001
0010010011011101011111001
0010010011010110001100001
0010010011010100010001111
0010010011001101110000001
0010010010111011000001010
0010010010100000000111101
0010010010011000110101110
0010010010010111000011111
0010010010010001011000001
0010010010001001000100101
0010010010000100101000000
0010010001111111111000111
0010010001111010011000100
0010010001110010101111101
0010010001101011100100100
0010010001011111000000100
0010010001011100001011001
0010010001011001100100110
0010010001010100000101101
0010010001010010101110010
0010010001001001101110010
0010010000111100010000001
0010010000111010110000101
0010010000110111011111010
0010010000110100001000001
0010010000110011101010011
0010010000100100100010011
0010010000001101101010100
0010010000001011100011011
0010010000001001001110011
0010010000000111001000110
0010010000000101010010000
0010010000000010010101011
0010001111101111111001111
0010001111010100000001011
0010001111010001000011000
0010001111001111101001001
0010001111000100110111001
0010001110110010111111000
0010001110101111110110011
0010001110101100101101001
0010001110011111111000011
0010001110011101110010001
0010001110011011100001101
0010001110011010110101011
0010001110011000011110001
0010001110010011101101111
0010001110010011011011111
0010001110001111100111000
0010001110001011101010101
0010001101111101111010001
0010001101111001101100111
0010001101110111011011001
0010001101110111010001011
0010001101110011110101001
0010001101110011101000000
0010001101110011100000110
0010001101100000001110011
0010001101011110011110000
0010001101011100011110101
0010001101011011101111101
0010001101010101110101001
0010001101000111101101010
0010001100111011011011111
0010001100111001000101110
0010001100110010011111101
0010001100110001101011111
0010001100110001100111101
0010001100110000011010011
0010001100101101101101111
0010001100101101001010110
0010001100100110010011101
0010001100100110010011001
0010001100100001011100010
0010001100011111001011000
0010001100011001001100110
0010001100010101110111110
0010001100000001000000111
0010001011111100010000111
0010001011110110110101101
0010001011110100111101001
0010001011110001000010000
0010001011101111001110011
0010001011101000010100100
0010001011100011001111011
0010001011011101101000010
0010001011011001101010001
0010001011010100010100001
0010001011010010100100101
0010001011010001100011111
0010001011000110010111101
0010001010111111010111101
0010001010110110001101000
0010001010101010110101011
0010001010100101101100100
0010001010100001100001101
0010001010010101100101111
0010001010010100110010010
0010001010001110101001010
0010001010001110001010100
0010001010000110101011011
0010001010000110011010000
0010001010000100001001101
0010001010000010001101010
0010001010000000010100010
0010001001101101111100110
0010001001101101000101111
0010001001100110011010101
0010001001100101101011011
0010001001010011111011011
0010001001010000101010111
0010001001001110101001101
0010001001000101000100110
0010001001000010111111011
0010001001000000011100111
0010001000111010011110011
0010001000110101100111111
0010001000110000111111010
0010001000100100111010111
0010001000100011011010110
0010001000010010000000111
0010001000001011010010100
0010001000000101110101111
0010001000000010110010101
0010000111111011010100000
0010000111110111001100111
0010000111110110101110111
0010000111100100110100100
0010000111011010101011111
0010000111010111010001101
0010000111010111001111101
0010000111010010011100101
0010000111001100101001011
0010000111001001000111110
0010000111000110011000001
0010000110111011011101101
0010000110110101001100001
0010000110110001110010111
0010000110110001001011001
0010000110110000101000001
0010000110101111101111110
0010000110101011110000101
0010000110101011101100111
0010000110100011001101111
0010000110100001101100010
0010000110100001010100111
0010000110100000010001110
0010000110011111100111011
0010000110011111001010111
0010000110011101100111111
0010000110010111001001011
0010000110010101110001001
0010000110010001011001011
0010000110001111000011110
0010000110001001110100011
0010000110000001001110110
0010000101110100111000100
0010000101101011101000010
0010000101100100110010011
0010000101011111011000010
0010000101011101000110010
0010000101011010101100011
0010000101010010001111011
0010000101001001100000001
0010000101001000110110110
0010000101000101010000001
0010000101000001010000011
0010000100111111010010001
0010000100111100110011111
0010000100110101100000100
0010000100110101011100001
0010000100110101010011001
0010000100110001001101011
0010000100101000110100111
0010000100100111010010111
0010000100100011110000100
0010000100100001111101110
0010000100001111000100111
0010000100000110000010101
0010000011111111010011110
0010000011111000001101110
0010000011110100101001001
0010000011110000101000010
0010000011101110100000001
0010000011101001110100100
0010000011011001100110111
0010000011010101101010111
0010000011010100010100101
0010000011001101110001011
0010000011000110110010011
0010000011000001101111101
0010000010100000000110011
0010000010011111101110100
0010000010011110110010001
0010000010011101000111010
0010000010010001101011001
0010000010001101100110000
0010000010001101100100001
0010000010001011000101111
0010000010001010111000000
0010000010000011101001111
0010000010000010000101110
0010000010000001000111010
0010000001111001001110001
0010000001101100001101110
0010000001101001110101101
0010000001100111101100100
0010000001100001110110111
0010000001011101010100000
0010000001011011011010111
0010000001011010010100100
0010000001010100101011001
0010000001001011011001101
0010000001000000110011101
0010000000111101001000110
0010000000110111000000001
0010000000110011111011001
0010000000110011111000011
0010000000110011010000000
0010000000110010101100001
0010000000100010010010011
0010000000010111101101101
0010000000010110110110111
0010000000001111100111100
0010000000001100110001101
0010000000001100100110101
0010000000000101001110101
0010000000000011111110101
